   s200_5.dat, turb ml, flat plate, Ts(x)                                  
   scaling factor for x/s, s=  1.0000E+00
   constant props, csubp =  1005.00 htc based on (ts-tinf)
        intg  x/s            htc         qflux       ts          tinf
           5  2.0009264E-01  5.5701E+01 -2.7851E+02  2.9500E+02  3.0000E+02
          50  2.0179984E-01  5.4369E+01 -2.7185E+02  2.9500E+02  3.0000E+02
         100  2.0791465E-01  5.6059E+01 -2.8029E+02  2.9500E+02  3.0000E+02
         150  2.2565424E-01  5.8319E+01 -2.9159E+02  2.9500E+02  3.0000E+02
         200  2.5144990E-01  5.4591E+01 -2.7296E+02  2.9500E+02  3.0000E+02
         250  2.7899426E-01  5.1041E+01 -2.5520E+02  2.9500E+02  3.0000E+02
         300  3.0808887E-01  4.8656E+01 -2.4328E+02  2.9500E+02  3.0000E+02
         350  3.3870425E-01  4.6887E+01 -2.3443E+02  2.9500E+02  3.0000E+02
         400  3.7070169E-01  4.5498E+01 -2.2749E+02  2.9500E+02  3.0000E+02
         450  4.0422007E-01  4.4352E+01 -2.2176E+02  2.9500E+02  3.0000E+02
         500  4.3913495E-01  4.3381E+01 -2.1690E+02  2.9500E+02  3.0000E+02
         550  4.7541212E-01  4.2577E+01 -2.1288E+02  2.9500E+02  3.0000E+02
         600  5.1323756E-01  4.1800E+01 -2.0900E+02  2.9500E+02  3.0000E+02
         650  5.5260098E-01  4.1133E+01 -2.0566E+02  2.9500E+02  3.0000E+02
         700  5.9349628E-01  4.0531E+01 -2.0265E+02  2.9500E+02  3.0000E+02
         750  6.3593610E-01  3.9982E+01 -1.9991E+02  2.9500E+02  3.0000E+02
         800  6.7995152E-01  3.9478E+01 -1.9739E+02  2.9500E+02  3.0000E+02
         850  7.2559182E-01  3.9011E+01 -1.9506E+02  2.9500E+02  3.0000E+02
         900  7.7292361E-01  3.8577E+01 -1.9289E+02  2.9500E+02  3.0000E+02
         950  8.2202853E-01  3.8171E+01 -1.9086E+02  2.9500E+02  3.0000E+02
        1000  8.7300098E-01  3.7789E+01 -1.8894E+02  2.9500E+02  3.0000E+02
        1050  9.2594532E-01  3.7427E+01 -1.8714E+02  2.9500E+02  3.0000E+02
        1100  9.8097147E-01  3.7083E+01 -1.8541E+02  2.9500E+02  3.0000E+02
        1150  1.0381919E+00  3.6754E+01 -1.8377E+02  2.9500E+02  3.0000E+02
        1200  1.0977183E+00  3.6438E+01 -1.8219E+02  2.9500E+02  3.0000E+02
        1250  1.1596590E+00  3.6135E+01 -1.8067E+02  2.9500E+02  3.0000E+02
        1300  1.2241167E+00  3.5832E+01 -1.7916E+02  2.9500E+02  3.0000E+02
        1350  1.2911856E+00  3.5548E+01 -1.7774E+02  2.9500E+02  3.0000E+02
        1400  1.3609516E+00  3.5273E+01 -1.7636E+02  2.9500E+02  3.0000E+02
        1450  1.4334929E+00  3.5006E+01 -1.7503E+02  2.9500E+02  3.0000E+02
        1500  1.5088799E+00  3.4746E+01 -1.7373E+02  2.9500E+02  3.0000E+02
        1550  1.5871775E+00  3.4494E+01 -1.7247E+02  2.9500E+02  3.0000E+02
        1600  1.6685494E+00  3.4247E+01 -1.7124E+02  2.9500E+02  3.0000E+02
        1650  1.7534909E+00  3.4005E+01 -1.7003E+02  2.9500E+02  3.0000E+02
        1700  1.8421177E+00  3.3768E+01 -1.6884E+02  2.9500E+02  3.0000E+02
        1750  1.9344888E+00  3.3535E+01 -1.6768E+02  2.9500E+02  3.0000E+02
        1800  2.0306557E+00  3.3307E+01 -1.6653E+02  2.9500E+02  3.0000E+02
        1850  2.1306663E+00  3.3082E+01 -1.6541E+02  2.9500E+02  3.0000E+02
        1900  2.2345674E+00  3.2862E+01 -1.6431E+02  2.9500E+02  3.0000E+02
        1950  2.3424111E+00  3.2646E+01 -1.6323E+02  2.9500E+02  3.0000E+02
        2000  2.4547612E+00  3.2433E+01 -1.6217E+02  2.9500E+02  3.0000E+02
        2050  2.5720314E+00  3.2223E+01 -1.6112E+02  2.9500E+02  3.0000E+02
        2100  2.6942511E+00  3.2016E+01 -1.6008E+02  2.9500E+02  3.0000E+02
        2150  2.8214505E+00  3.1811E+01 -1.5906E+02  2.9500E+02  3.0000E+02
        2200  2.9536640E+00  3.1611E+01 -1.5805E+02  2.9500E+02  3.0000E+02
        2217  3.0000000E+00  3.1542E+01 -1.5771E+02  2.9500E+02  3.0000E+02
