  ====================================================
  TEXSTAN(academic)
  s410_7.dat, turb ml+em, pipe, CEF, Ts(x)                                
  stepsize: variable from dx=  .010 to dx=  .200
  energy eqn: solved, no source terms
  properties: constant
     po= 1.01325E+05  den= 1.17700E+00  vis= 1.83800E-05  sp_ht= 1.00500E+03
     prc(je)=     .700
  initial profiles: kstart=  1  dyi= 1.000E-06  rate=  .1750
  turbulence model information:
     m-l: k=0.40, al=0.070, a+=26, em=fn(0.005,0.9)
     turbulent prandtl number model: Kays variable prt
  axx= 0.0000E+00  bxx= 0.0000E+00  cxx= 0.0000E+00  dxx= 0.0000E+00
  exx= 0.0000E+00  fxx= 9.0000E-01  gxx= 0.0000E+00
  ====================================================
   Turbulent pipe flow benchmark
   cf/2,theo = 1./(2.236*ln(re,dh)-4.639)**2                           
   nu,theo = (re,dh-1000)*prm*cf2)/(1+12.7*(prm**0.667-1.)*sqrt(cf/2))
   re,dh = 5.0000E+04   prm =   .700
  ====================================================

 intg  x/dh      cf2         nu     cfrat   nurat  tm/ts  ts         qflux
    5 2.500E-02 1.180E-02   627.6   4.511   6.035   .998 2.805E+02  2.500E+02
  200 1.000E+00 3.737E-03   164.0   1.429   1.577   .993 2.821E+02  2.500E+02
  400 2.000E+00 3.337E-03   141.8   1.276   1.363   .992 2.824E+02  2.500E+02
  600 3.000E+00 3.158E-03   132.1   1.207   1.270   .991 2.826E+02  2.500E+02
  800 4.000E+00 3.054E-03   126.5   1.168   1.216   .991 2.828E+02  2.500E+02
 1000 5.000E+00 2.987E-03   122.8   1.142   1.181   .990 2.829E+02  2.500E+02
 1200 6.106E+00 2.936E-03   119.9   1.122   1.153   .990 2.830E+02  2.500E+02
 1400 7.458E+00 2.889E-03   117.4   1.105   1.129   .990 2.831E+02  2.500E+02
 1600 9.108E+00 2.846E-03   115.1   1.088   1.106   .990 2.832E+02  2.500E+02
 1800 1.112E+01 2.807E-03   113.0   1.073   1.086   .990 2.834E+02  2.500E+02
 2000 1.358E+01 2.773E-03   111.1   1.060   1.068   .989 2.835E+02  2.500E+02
 2200 1.659E+01 2.744E-03   109.5   1.049   1.053   .989 2.837E+02  2.500E+02
 2400 2.026E+01 2.721E-03   108.2   1.040   1.041   .989 2.838E+02  2.500E+02
 2600 2.475E+01 2.703E-03   107.2   1.033   1.031   .989 2.840E+02  2.500E+02
 2800 3.022E+01 2.691E-03   106.5   1.029   1.024   .989 2.843E+02  2.500E+02
 3000 3.691E+01 2.683E-03   106.1   1.026   1.020   .989 2.845E+02  2.500E+02
 3200 4.508E+01 2.679E-03   105.8   1.024   1.018   .989 2.848E+02  2.500E+02
 3400 5.504E+01 2.677E-03   105.7   1.024   1.016   .989 2.852E+02  2.500E+02
 3600 6.721E+01 2.676E-03   105.7   1.023   1.016   .989 2.857E+02  2.500E+02
 3800 8.209E+01 2.676E-03   105.7   1.023   1.016   .989 2.862E+02  2.500E+02
 4000 1.002E+02 2.676E-03   105.7   1.023   1.016   .989 2.869E+02  2.500E+02
 4200 1.202E+02 2.676E-03   105.7   1.023   1.016   .989 2.877E+02  2.500E+02
 4400 1.402E+02 2.676E-03   105.7   1.023   1.016   .989 2.885E+02  2.500E+02
 4600 1.602E+02 2.676E-03   105.7   1.023   1.016   .989 2.892E+02  2.500E+02
 4800 1.802E+02 2.676E-03   105.7   1.023   1.016   .989 2.900E+02  2.500E+02
 5000 2.002E+02 2.676E-03   105.7   1.023   1.016   .989 2.907E+02  2.500E+02
 5200 2.202E+02 2.676E-03   105.7   1.023   1.016   .989 2.915E+02  2.500E+02
 5400 2.402E+02 2.676E-03   105.7   1.023   1.016   .989 2.922E+02  2.500E+02
 5600 2.602E+02 2.676E-03   105.7   1.023   1.016   .989 2.930E+02  2.500E+02
 5800 2.802E+02 2.676E-03   105.7   1.023   1.016   .989 2.938E+02  2.500E+02
 6000 3.002E+02 2.676E-03   105.7   1.023   1.016   .989 2.945E+02  2.500E+02
 6200 3.202E+02 2.676E-03   105.7   1.023   1.016   .989 2.953E+02  2.500E+02
 6400 3.402E+02 2.676E-03   105.7   1.023   1.016   .989 2.960E+02  2.500E+02
 6427 3.429E+02 2.676E-03   105.7   1.023   1.016   .989 2.961E+02  2.500E+02
