  ====================================================
  TEXSTAN(academic)
  s410_7.dat, turb ml+em, pipe, CEF, Ts(x)                                
  stepsize: variable from dx=  .010 to dx=  .200
  energy eqn: solved, no source terms
  properties: constant
     po= 1.01325E+05  den= 1.17700E+00  vis= 1.83800E-05  sp_ht= 1.00500E+03
     prc(je)=     .700
  initial profiles: kstart=  1  dyi= 1.000E-06  rate=  .1750
  turbulence model information:
     m-l: k=0.40, al=0.070, a+=26, em=fn(0.005,0.9)
     turbulent prandtl number model: Kays variable prt
  axx= 0.0000E+00  bxx= 0.0000E+00  cxx= 0.0000E+00  dxx= 0.0000E+00
  exx= 0.0000E+00  fxx= 9.0000E-01  gxx= 0.0000E+00
  ====================================================

   input Reynolds number= 5.0000E+04 (not TEXSTAN-calculated value)
   Reynolds number= 5.0000E+04    Prandtl number=     .700
   U,mean = 2.2309E+01            d,h = 3.5000E-02
   viscom = 1.8380E-05            rhom  = 1.1770E+00

  ====================================================

 intg  x/dh      cfapp     cf2(I)    cf2(E)     nu(I)      nu(E)
    0 0.000E+00 0.000E+00 0.000E+00 5.039E+01  0.000E+00  0.000E+00
               y(i)           u(i)         f(1,i)         f(2,i)         f(3,i)
       0.000000E+00   2.230853E+01   2.800000E+02   0.000000E+00   0.000000E+00
       6.424850E-04   2.230853E+01   2.800000E+02   0.000000E+00   0.000000E+00
       1.331299E-03   2.230853E+01   2.800000E+02   0.000000E+00   0.000000E+00
       2.131856E-03   2.230853E+01   2.800000E+02   0.000000E+00   0.000000E+00
       2.993623E-03   2.230853E+01   2.800000E+02   0.000000E+00   0.000000E+00
       3.861346E-03   2.230853E+01   2.800000E+02   0.000000E+00   0.000000E+00
       4.731751E-03   2.230853E+01   2.800000E+02   0.000000E+00   0.000000E+00
       5.603586E-03   2.230853E+01   2.800000E+02   0.000000E+00   0.000000E+00
       6.476276E-03   2.230853E+01   2.800000E+02   0.000000E+00   0.000000E+00
       7.349515E-03   2.230853E+01   2.800000E+02   0.000000E+00   0.000000E+00
       8.223128E-03   2.230853E+01   2.800000E+02   0.000000E+00   0.000000E+00
       9.097008E-03   2.230853E+01   2.800000E+02   0.000000E+00   0.000000E+00
       9.971084E-03   2.230853E+01   2.800000E+02   0.000000E+00   0.000000E+00
       1.084531E-02   2.230853E+01   2.800000E+02   0.000000E+00   0.000000E+00
       1.171632E-02   2.230853E+01   2.800000E+02   0.000000E+00   0.000000E+00
       1.254786E-02   2.230853E+01   2.800000E+02   0.000000E+00   0.000000E+00
       1.328437E-02   2.230853E+01   2.800000E+02   0.000000E+00   0.000000E+00
       1.391155E-02   2.230853E+01   2.800000E+02   0.000000E+00   0.000000E+00
       1.444555E-02   2.230853E+01   2.800000E+02   0.000000E+00   0.000000E+00
       1.490018E-02   2.230853E+01   2.800000E+02   0.000000E+00   0.000000E+00
       1.528718E-02   2.230853E+01   2.800000E+02   0.000000E+00   0.000000E+00
       1.561662E-02   2.230853E+01   2.800000E+02   0.000000E+00   0.000000E+00
       1.589704E-02   2.230853E+01   2.800000E+02   0.000000E+00   0.000000E+00
       1.613572E-02   2.230853E+01   2.800000E+02   0.000000E+00   0.000000E+00
       1.633887E-02   2.230853E+01   2.800000E+02   0.000000E+00   0.000000E+00
       1.651179E-02   2.230853E+01   2.800000E+02   0.000000E+00   0.000000E+00
       1.665896E-02   2.230853E+01   2.800000E+02   0.000000E+00   0.000000E+00
       1.678421E-02   2.230853E+01   2.800000E+02   0.000000E+00   0.000000E+00
       1.689082E-02   2.230853E+01   2.800000E+02   0.000000E+00   0.000000E+00
       1.698156E-02   2.230853E+01   2.800000E+02   0.000000E+00   0.000000E+00
       1.705878E-02   2.230853E+01   2.800000E+02   0.000000E+00   0.000000E+00
       1.712450E-02   2.230853E+01   2.800000E+02   0.000000E+00   0.000000E+00
       1.718044E-02   2.230853E+01   2.800000E+02   0.000000E+00   0.000000E+00
       1.722805E-02   2.230853E+01   2.800000E+02   0.000000E+00   0.000000E+00
       1.726856E-02   2.230853E+01   2.800000E+02   0.000000E+00   0.000000E+00
       1.730305E-02   2.230853E+01   2.800000E+02   0.000000E+00   0.000000E+00
       1.733239E-02   2.230853E+01   2.800000E+02   0.000000E+00   0.000000E+00
       1.735737E-02   2.230853E+01   2.800000E+02   0.000000E+00   0.000000E+00
       1.737863E-02   2.230853E+01   2.800000E+02   0.000000E+00   0.000000E+00
       1.739672E-02   2.230853E+01   2.800000E+02   0.000000E+00   0.000000E+00
       1.741212E-02   2.230853E+01   2.800000E+02   0.000000E+00   0.000000E+00
       1.742522E-02   2.230853E+01   2.800000E+02   0.000000E+00   0.000000E+00
       1.743637E-02   2.230853E+01   2.800000E+02   0.000000E+00   0.000000E+00
       1.744586E-02   2.230853E+01   2.800000E+02   0.000000E+00   0.000000E+00
       1.745394E-02   2.230853E+01   2.800000E+02   0.000000E+00   0.000000E+00
       1.746082E-02   2.230853E+01   2.800000E+02   0.000000E+00   0.000000E+00
       1.746667E-02   2.230853E+01   2.800000E+02   0.000000E+00   0.000000E+00
       1.747165E-02   2.230853E+01   2.800000E+02   0.000000E+00   0.000000E+00
       1.747588E-02   2.230853E+01   2.800000E+02   0.000000E+00   0.000000E+00
       1.747949E-02   2.230853E+01   2.800000E+02   0.000000E+00   0.000000E+00
       1.748256E-02   2.230853E+01   2.800000E+02   0.000000E+00   0.000000E+00
       1.748517E-02   2.230853E+01   2.800000E+02   0.000000E+00   0.000000E+00
       1.748740E-02   2.230853E+01   2.800000E+02   0.000000E+00   0.000000E+00
       1.748929E-02   2.230853E+01   2.800000E+02   0.000000E+00   0.000000E+00
       1.749090E-02   2.230853E+01   2.800000E+02   0.000000E+00   0.000000E+00
       1.749227E-02   2.230853E+01   2.800000E+02   0.000000E+00   0.000000E+00
       1.749343E-02   2.230853E+01   2.800000E+02   0.000000E+00   0.000000E+00
       1.749443E-02   2.230853E+01   2.800000E+02   0.000000E+00   0.000000E+00
       1.749527E-02   2.230853E+01   2.800000E+02   0.000000E+00   0.000000E+00
       1.749599E-02   2.230853E+01   2.800000E+02   0.000000E+00   0.000000E+00
       1.749660E-02   2.230853E+01   2.800000E+02   0.000000E+00   0.000000E+00
       1.749712E-02   2.230853E+01   2.800000E+02   0.000000E+00   0.000000E+00
       1.749757E-02   2.230853E+01   2.800000E+02   0.000000E+00   0.000000E+00
       1.749794E-02   2.230853E+01   2.800000E+02   0.000000E+00   0.000000E+00
       1.749827E-02   2.230853E+01   2.800000E+02   0.000000E+00   0.000000E+00
       1.749854E-02   2.230853E+01   2.800000E+02   0.000000E+00   0.000000E+00
       1.749877E-02   2.230853E+01   2.800000E+02   0.000000E+00   0.000000E+00
       1.749897E-02   2.230853E+01   2.800000E+02   0.000000E+00   0.000000E+00
       1.749914E-02   2.230853E+01   2.800000E+02   0.000000E+00   0.000000E+00
       1.749928E-02   2.230853E+01   2.800000E+02   0.000000E+00   0.000000E+00
       1.749940E-02   2.230853E+01   2.800000E+02   0.000000E+00   0.000000E+00
       1.749951E-02   2.230853E+01   2.800000E+02   0.000000E+00   0.000000E+00
       1.749960E-02   2.230853E+01   2.800000E+02   0.000000E+00   0.000000E+00
       1.749967E-02   2.230853E+01   2.800000E+02   0.000000E+00   0.000000E+00
       1.749973E-02   2.230853E+01   2.800000E+02   0.000000E+00   0.000000E+00
       1.749979E-02   2.230853E+01   2.800000E+02   0.000000E+00   0.000000E+00
       1.749984E-02   2.230853E+01   2.800000E+02   0.000000E+00   0.000000E+00
       1.749987E-02   2.230853E+01   2.800000E+02   0.000000E+00   0.000000E+00
       1.749991E-02   2.230853E+01   2.800000E+02   0.000000E+00   0.000000E+00
       1.749994E-02   2.230853E+01   2.800000E+02   0.000000E+00   0.000000E+00
       1.749996E-02   2.230853E+01   2.800000E+02   0.000000E+00   0.000000E+00
       1.749999E-02   2.230853E+01   2.800000E+02   0.000000E+00   0.000000E+00
       1.750000E-02   0.000000E+00   2.800000E+02   0.000000E+00   0.000000E+00

 intg  x/dh      cfapp     cf2(I)    cf2(E)     nu(I)      nu(E)
 1000 5.000E+00 9.103E-03 0.000E+00 2.987E-03  0.000E+00  1.228E+02
               y(i)           u(i)         f(1,i)         f(2,i)         f(3,i)
       0.000000E+00   2.425608E+01   2.800000E+02   0.000000E+00   0.000000E+00
       6.161525E-04   2.425608E+01   2.800000E+02   0.000000E+00   0.000000E+00
       1.276735E-03   2.425608E+01   2.800000E+02   0.000000E+00   0.000000E+00
       2.044481E-03   2.425608E+01   2.800000E+02   0.000000E+00   0.000000E+00
       2.870928E-03   2.425608E+01   2.800000E+02   0.000000E+00   0.000000E+00
       3.703088E-03   2.425608E+01   2.800000E+02   0.000000E+00   0.000000E+00
       4.537818E-03   2.425608E+01   2.800000E+02   0.000000E+00   0.000000E+00
       5.373921E-03   2.425608E+01   2.800000E+02   0.000000E+00   0.000000E+00
       6.210844E-03   2.425604E+01   2.800000E+02   0.000000E+00   0.000000E+00
       7.048335E-03   2.425367E+01   2.800005E+02   0.000000E+00   0.000000E+00
       7.886566E-03   2.423347E+01   2.800042E+02   0.000000E+00   0.000000E+00
       8.726193E-03   2.418363E+01   2.800120E+02   0.000000E+00   0.000000E+00
       9.568082E-03   2.410251E+01   2.800234E+02   0.000000E+00   0.000000E+00
       1.041323E-02   2.398376E+01   2.800390E+02   0.000000E+00   0.000000E+00
       1.125973E-02   2.381411E+01   2.800605E+02   0.000000E+00   0.000000E+00
       1.207371E-02   2.358304E+01   2.800890E+02   0.000000E+00   0.000000E+00
       1.280127E-02   2.330812E+01   2.801224E+02   0.000000E+00   0.000000E+00
       1.342744E-02   2.301353E+01   2.801577E+02   0.000000E+00   0.000000E+00
       1.396668E-02   2.270674E+01   2.801944E+02   0.000000E+00   0.000000E+00
       1.443133E-02   2.238549E+01   2.802327E+02   0.000000E+00   0.000000E+00
       1.483201E-02   2.204997E+01   2.802728E+02   0.000000E+00   0.000000E+00
       1.517779E-02   2.170390E+01   2.803142E+02   0.000000E+00   0.000000E+00
       1.547638E-02   2.134966E+01   2.803568E+02   0.000000E+00   0.000000E+00
       1.573439E-02   2.098914E+01   2.804003E+02   0.000000E+00   0.000000E+00
       1.595746E-02   2.062364E+01   2.804446E+02   0.000000E+00   0.000000E+00
       1.615044E-02   2.025391E+01   2.804895E+02   0.000000E+00   0.000000E+00
       1.631749E-02   1.988017E+01   2.805352E+02   0.000000E+00   0.000000E+00
       1.646217E-02   1.950216E+01   2.805816E+02   0.000000E+00   0.000000E+00
       1.658758E-02   1.911923E+01   2.806288E+02   0.000000E+00   0.000000E+00
       1.669635E-02   1.873041E+01   2.806769E+02   0.000000E+00   0.000000E+00
       1.679078E-02   1.833453E+01   2.807262E+02   0.000000E+00   0.000000E+00
       1.687282E-02   1.793030E+01   2.807768E+02   0.000000E+00   0.000000E+00
       1.694419E-02   1.751638E+01   2.808290E+02   0.000000E+00   0.000000E+00
       1.700634E-02   1.709149E+01   2.808828E+02   0.000000E+00   0.000000E+00
       1.706054E-02   1.665446E+01   2.809386E+02   0.000000E+00   0.000000E+00
       1.710787E-02   1.620425E+01   2.809966E+02   0.000000E+00   0.000000E+00
       1.714928E-02   1.574005E+01   2.810568E+02   0.000000E+00   0.000000E+00
       1.718556E-02   1.526130E+01   2.811195E+02   0.000000E+00   0.000000E+00
       1.721742E-02   1.476773E+01   2.811846E+02   0.000000E+00   0.000000E+00
       1.724544E-02   1.425942E+01   2.812522E+02   0.000000E+00   0.000000E+00
       1.727016E-02   1.373678E+01   2.813222E+02   0.000000E+00   0.000000E+00
       1.729201E-02   1.320062E+01   2.813943E+02   0.000000E+00   0.000000E+00
       1.731138E-02   1.265220E+01   2.814682E+02   0.000000E+00   0.000000E+00
       1.732859E-02   1.209316E+01   2.815434E+02   0.000000E+00   0.000000E+00
       1.734393E-02   1.152562E+01   2.816193E+02   0.000000E+00   0.000000E+00
       1.735764E-02   1.095213E+01   2.816952E+02   0.000000E+00   0.000000E+00
       1.736993E-02   1.037566E+01   2.817702E+02   0.000000E+00   0.000000E+00
       1.738099E-02   9.799552E+00   2.818437E+02   0.000000E+00   0.000000E+00
       1.739096E-02   9.227458E+00   2.819149E+02   0.000000E+00   0.000000E+00
       1.739998E-02   8.663196E+00   2.819833E+02   0.000000E+00   0.000000E+00
       1.740817E-02   8.110614E+00   2.820485E+02   0.000000E+00   0.000000E+00
       1.741562E-02   7.573406E+00   2.821103E+02   0.000000E+00   0.000000E+00
       1.742242E-02   7.054913E+00   2.821684E+02   0.000000E+00   0.000000E+00
       1.742863E-02   6.557958E+00   2.822229E+02   0.000000E+00   0.000000E+00
       1.743432E-02   6.084714E+00   2.822738E+02   0.000000E+00   0.000000E+00
       1.743955E-02   5.636650E+00   2.823212E+02   0.000000E+00   0.000000E+00
       1.744435E-02   5.214541E+00   2.823653E+02   0.000000E+00   0.000000E+00
       1.744877E-02   4.818536E+00   2.824062E+02   0.000000E+00   0.000000E+00
       1.745284E-02   4.448263E+00   2.824441E+02   0.000000E+00   0.000000E+00
       1.745659E-02   4.102952E+00   2.824793E+02   0.000000E+00   0.000000E+00
       1.746006E-02   3.781543E+00   2.825118E+02   0.000000E+00   0.000000E+00
       1.746326E-02   3.482793E+00   2.825420E+02   0.000000E+00   0.000000E+00
       1.746622E-02   3.205353E+00   2.825699E+02   0.000000E+00   0.000000E+00
       1.746895E-02   2.947826E+00   2.825957E+02   0.000000E+00   0.000000E+00
       1.747148E-02   2.708816E+00   2.826197E+02   0.000000E+00   0.000000E+00
       1.747383E-02   2.486952E+00   2.826419E+02   0.000000E+00   0.000000E+00
       1.747601E-02   2.280908E+00   2.826625E+02   0.000000E+00   0.000000E+00
       1.747802E-02   2.089413E+00   2.826816E+02   0.000000E+00   0.000000E+00
       1.747990E-02   1.911252E+00   2.826994E+02   0.000000E+00   0.000000E+00
       1.748165E-02   1.745268E+00   2.827160E+02   0.000000E+00   0.000000E+00
       1.748328E-02   1.590356E+00   2.827314E+02   0.000000E+00   0.000000E+00
       1.748481E-02   1.445453E+00   2.827459E+02   0.000000E+00   0.000000E+00
       1.748624E-02   1.309530E+00   2.827594E+02   0.000000E+00   0.000000E+00
       1.748758E-02   1.181574E+00   2.827722E+02   0.000000E+00   0.000000E+00
       1.748885E-02   1.060563E+00   2.827842E+02   0.000000E+00   0.000000E+00
       1.749006E-02   9.454305E-01   2.827957E+02   0.000000E+00   0.000000E+00
       1.749123E-02   8.350060E-01   2.828067E+02   0.000000E+00   0.000000E+00
       1.749235E-02   7.279089E-01   2.828174E+02   0.000000E+00   0.000000E+00
       1.749346E-02   6.223352E-01   2.828279E+02   0.000000E+00   0.000000E+00
       1.749458E-02   5.155615E-01   2.828385E+02   0.000000E+00   0.000000E+00
       1.749577E-02   4.024655E-01   2.828498E+02   0.000000E+00   0.000000E+00
       1.749820E-02   1.717493E-01   2.828728E+02   0.000000E+00   0.000000E+00
       1.750000E-02   0.000000E+00   2.828898E+02   0.000000E+00   0.000000E+00

 intg  x/dh      cfapp     cf2(I)    cf2(E)     nu(I)      nu(E)
 3304 5.000E+01 5.930E-03 0.000E+00 2.678E-03  0.000E+00  1.058E+02
               y(i)           u(i)         f(1,i)         f(2,i)         f(3,i)
       0.000000E+00   2.720986E+01   2.812321E+02   0.000000E+00   0.000000E+00
       5.817486E-04   2.720986E+01   2.812321E+02   0.000000E+00   0.000000E+00
       1.205815E-03   2.717875E+01   2.812372E+02   0.000000E+00   0.000000E+00
       1.932101E-03   2.711769E+01   2.812473E+02   0.000000E+00   0.000000E+00
       2.715626E-03   2.701677E+01   2.812639E+02   0.000000E+00   0.000000E+00
       3.507196E-03   2.687927E+01   2.812866E+02   0.000000E+00   0.000000E+00
       4.304694E-03   2.670475E+01   2.813152E+02   0.000000E+00   0.000000E+00
       5.107881E-03   2.649252E+01   2.813499E+02   0.000000E+00   0.000000E+00
       5.917180E-03   2.624165E+01   2.813907E+02   0.000000E+00   0.000000E+00
       6.733337E-03   2.595099E+01   2.814378E+02   0.000000E+00   0.000000E+00
       7.557300E-03   2.561913E+01   2.814912E+02   0.000000E+00   0.000000E+00
       8.390195E-03   2.524441E+01   2.815512E+02   0.000000E+00   0.000000E+00
       9.233320E-03   2.482480E+01   2.816178E+02   0.000000E+00   0.000000E+00
       1.008817E-02   2.435795E+01   2.816913E+02   0.000000E+00   0.000000E+00
       1.095309E-02   2.384302E+01   2.817716E+02   0.000000E+00   0.000000E+00
       1.179263E-02   2.330146E+01   2.818552E+02   0.000000E+00   0.000000E+00
       1.254907E-02   2.277830E+01   2.819352E+02   0.000000E+00   0.000000E+00
       1.320430E-02   2.229872E+01   2.820077E+02   0.000000E+00   0.000000E+00
       1.377114E-02   2.186406E+01   2.820729E+02   0.000000E+00   0.000000E+00
       1.426087E-02   2.147375E+01   2.821309E+02   0.000000E+00   0.000000E+00
       1.468358E-02   2.110780E+01   2.821849E+02   0.000000E+00   0.000000E+00
       1.504844E-02   2.074302E+01   2.822385E+02   0.000000E+00   0.000000E+00
       1.536355E-02   2.037672E+01   2.822920E+02   0.000000E+00   0.000000E+00
       1.563586E-02   2.000995E+01   2.823454E+02   0.000000E+00   0.000000E+00
       1.587133E-02   1.964288E+01   2.823986E+02   0.000000E+00   0.000000E+00
       1.607504E-02   1.927539E+01   2.824517E+02   0.000000E+00   0.000000E+00
       1.625139E-02   1.890705E+01   2.825048E+02   0.000000E+00   0.000000E+00
       1.640415E-02   1.853706E+01   2.825581E+02   0.000000E+00   0.000000E+00
       1.653655E-02   1.816437E+01   2.826118E+02   0.000000E+00   0.000000E+00
       1.665139E-02   1.778770E+01   2.826660E+02   0.000000E+00   0.000000E+00
       1.675109E-02   1.740566E+01   2.827210E+02   0.000000E+00   0.000000E+00
       1.683772E-02   1.701680E+01   2.827771E+02   0.000000E+00   0.000000E+00
       1.691307E-02   1.661966E+01   2.828345E+02   0.000000E+00   0.000000E+00
       1.697870E-02   1.621288E+01   2.828935E+02   0.000000E+00   0.000000E+00
       1.703593E-02   1.579522E+01   2.829544E+02   0.000000E+00   0.000000E+00
       1.708591E-02   1.536561E+01   2.830173E+02   0.000000E+00   0.000000E+00
       1.712963E-02   1.492320E+01   2.830824E+02   0.000000E+00   0.000000E+00
       1.716794E-02   1.446740E+01   2.831500E+02   0.000000E+00   0.000000E+00
       1.720158E-02   1.399789E+01   2.832201E+02   0.000000E+00   0.000000E+00
       1.723118E-02   1.351469E+01   2.832926E+02   0.000000E+00   0.000000E+00
       1.725728E-02   1.301817E+01   2.833676E+02   0.000000E+00   0.000000E+00
       1.728035E-02   1.250906E+01   2.834447E+02   0.000000E+00   0.000000E+00
       1.730080E-02   1.198851E+01   2.835236E+02   0.000000E+00   0.000000E+00
       1.731898E-02   1.145807E+01   2.836038E+02   0.000000E+00   0.000000E+00
       1.733517E-02   1.091971E+01   2.836846E+02   0.000000E+00   0.000000E+00
       1.734965E-02   1.037583E+01   2.837653E+02   0.000000E+00   0.000000E+00
       1.736263E-02   9.829238E+00   2.838450E+02   0.000000E+00   0.000000E+00
       1.737431E-02   9.283082E+00   2.839230E+02   0.000000E+00   0.000000E+00
       1.738484E-02   8.740804E+00   2.839986E+02   0.000000E+00   0.000000E+00
       1.739437E-02   8.206012E+00   2.840712E+02   0.000000E+00   0.000000E+00
       1.740302E-02   7.682344E+00   2.841403E+02   0.000000E+00   0.000000E+00
       1.741088E-02   7.173289E+00   2.842057E+02   0.000000E+00   0.000000E+00
       1.741806E-02   6.682007E+00   2.842673E+02   0.000000E+00   0.000000E+00
       1.742462E-02   6.211164E+00   2.843250E+02   0.000000E+00   0.000000E+00
       1.743064E-02   5.762814E+00   2.843788E+02   0.000000E+00   0.000000E+00
       1.743615E-02   5.338341E+00   2.844290E+02   0.000000E+00   0.000000E+00
       1.744122E-02   4.938477E+00   2.844756E+02   0.000000E+00   0.000000E+00
       1.744589E-02   4.563357E+00   2.845189E+02   0.000000E+00   0.000000E+00
       1.745019E-02   4.212627E+00   2.845590E+02   0.000000E+00   0.000000E+00
       1.745416E-02   3.885551E+00   2.845961E+02   0.000000E+00   0.000000E+00
       1.745782E-02   3.581126E+00   2.846305E+02   0.000000E+00   0.000000E+00
       1.746119E-02   3.298171E+00   2.846624E+02   0.000000E+00   0.000000E+00
       1.746432E-02   3.035404E+00   2.846919E+02   0.000000E+00   0.000000E+00
       1.746721E-02   2.791504E+00   2.847192E+02   0.000000E+00   0.000000E+00
       1.746988E-02   2.565146E+00   2.847445E+02   0.000000E+00   0.000000E+00
       1.747236E-02   2.355031E+00   2.847680E+02   0.000000E+00   0.000000E+00
       1.747466E-02   2.159901E+00   2.847897E+02   0.000000E+00   0.000000E+00
       1.747679E-02   1.978552E+00   2.848099E+02   0.000000E+00   0.000000E+00
       1.747877E-02   1.809832E+00   2.848287E+02   0.000000E+00   0.000000E+00
       1.748062E-02   1.652647E+00   2.848462E+02   0.000000E+00   0.000000E+00
       1.748234E-02   1.505947E+00   2.848626E+02   0.000000E+00   0.000000E+00
       1.748395E-02   1.368729E+00   2.848778E+02   0.000000E+00   0.000000E+00
       1.748546E-02   1.240015E+00   2.848921E+02   0.000000E+00   0.000000E+00
       1.748688E-02   1.118847E+00   2.849056E+02   0.000000E+00   0.000000E+00
       1.748823E-02   1.004256E+00   2.849184E+02   0.000000E+00   0.000000E+00
       1.748950E-02   8.952329E-01   2.849305E+02   0.000000E+00   0.000000E+00
       1.749073E-02   7.906687E-01   2.849421E+02   0.000000E+00   0.000000E+00
       1.749192E-02   6.892560E-01   2.849534E+02   0.000000E+00   0.000000E+00
       1.749309E-02   5.892867E-01   2.849645E+02   0.000000E+00   0.000000E+00
       1.749428E-02   4.881818E-01   2.849757E+02   0.000000E+00   0.000000E+00
       1.749553E-02   3.810911E-01   2.849876E+02   0.000000E+00   0.000000E+00
       1.749809E-02   1.626255E-01   2.850119E+02   0.000000E+00   0.000000E+00
       1.750000E-02   0.000000E+00   2.850299E+02   0.000000E+00   0.000000E+00

 intg  x/dh      cfapp     cf2(I)    cf2(E)     nu(I)      nu(E)
 3998 1.000E+02 5.645E-03 0.000E+00 2.676E-03  0.000E+00  1.057E+02
               y(i)           u(i)         f(1,i)         f(2,i)         f(3,i)
       0.000000E+00   2.722965E+01   2.831221E+02   0.000000E+00   0.000000E+00
       5.815372E-04   2.722965E+01   2.831221E+02   0.000000E+00   0.000000E+00
       1.205379E-03   2.719834E+01   2.831273E+02   0.000000E+00   0.000000E+00
       1.931412E-03   2.713671E+01   2.831376E+02   0.000000E+00   0.000000E+00
       2.714678E-03   2.703487E+01   2.831544E+02   0.000000E+00   0.000000E+00
       3.506008E-03   2.689616E+01   2.831773E+02   0.000000E+00   0.000000E+00
       4.303292E-03   2.672017E+01   2.832063E+02   0.000000E+00   0.000000E+00
       5.106296E-03   2.650625E+01   2.832414E+02   0.000000E+00   0.000000E+00
       5.915449E-03   2.625351E+01   2.832827E+02   0.000000E+00   0.000000E+00
       6.731498E-03   2.596086E+01   2.833302E+02   0.000000E+00   0.000000E+00
       7.555397E-03   2.562693E+01   2.833842E+02   0.000000E+00   0.000000E+00
       8.388273E-03   2.525011E+01   2.834446E+02   0.000000E+00   0.000000E+00
       9.231425E-03   2.482845E+01   2.835118E+02   0.000000E+00   0.000000E+00
       1.008635E-02   2.435963E+01   2.835858E+02   0.000000E+00   0.000000E+00
       1.095139E-02   2.384288E+01   2.836666E+02   0.000000E+00   0.000000E+00
       1.179108E-02   2.329976E+01   2.837507E+02   0.000000E+00   0.000000E+00
       1.254769E-02   2.277541E+01   2.838310E+02   0.000000E+00   0.000000E+00
       1.320308E-02   2.229496E+01   2.839038E+02   0.000000E+00   0.000000E+00
       1.377007E-02   2.185968E+01   2.839692E+02   0.000000E+00   0.000000E+00
       1.425994E-02   2.146893E+01   2.840274E+02   0.000000E+00   0.000000E+00
       1.468277E-02   2.110278E+01   2.840815E+02   0.000000E+00   0.000000E+00
       1.504774E-02   2.073795E+01   2.841352E+02   0.000000E+00   0.000000E+00
       1.536294E-02   2.037161E+01   2.841888E+02   0.000000E+00   0.000000E+00
       1.563533E-02   2.000483E+01   2.842422E+02   0.000000E+00   0.000000E+00
       1.587087E-02   1.963776E+01   2.842954E+02   0.000000E+00   0.000000E+00
       1.607464E-02   1.927030E+01   2.843486E+02   0.000000E+00   0.000000E+00
       1.625104E-02   1.890200E+01   2.844018E+02   0.000000E+00   0.000000E+00
       1.640384E-02   1.853206E+01   2.844551E+02   0.000000E+00   0.000000E+00
       1.653628E-02   1.815943E+01   2.845088E+02   0.000000E+00   0.000000E+00
       1.665115E-02   1.778283E+01   2.845630E+02   0.000000E+00   0.000000E+00
       1.675088E-02   1.740087E+01   2.846181E+02   0.000000E+00   0.000000E+00
       1.683754E-02   1.701208E+01   2.846742E+02   0.000000E+00   0.000000E+00
       1.691291E-02   1.661503E+01   2.847317E+02   0.000000E+00   0.000000E+00
       1.697856E-02   1.620834E+01   2.847907E+02   0.000000E+00   0.000000E+00
       1.703580E-02   1.579078E+01   2.848516E+02   0.000000E+00   0.000000E+00
       1.708580E-02   1.536128E+01   2.849145E+02   0.000000E+00   0.000000E+00
       1.712953E-02   1.491898E+01   2.849797E+02   0.000000E+00   0.000000E+00
       1.716785E-02   1.446330E+01   2.850473E+02   0.000000E+00   0.000000E+00
       1.720150E-02   1.399391E+01   2.851174E+02   0.000000E+00   0.000000E+00
       1.723111E-02   1.351084E+01   2.851900E+02   0.000000E+00   0.000000E+00
       1.725722E-02   1.301445E+01   2.852649E+02   0.000000E+00   0.000000E+00
       1.728030E-02   1.250548E+01   2.853421E+02   0.000000E+00   0.000000E+00
       1.730075E-02   1.198507E+01   2.854210E+02   0.000000E+00   0.000000E+00
       1.731893E-02   1.145477E+01   2.855012E+02   0.000000E+00   0.000000E+00
       1.733513E-02   1.091656E+01   2.855821E+02   0.000000E+00   0.000000E+00
       1.734962E-02   1.037284E+01   2.856628E+02   0.000000E+00   0.000000E+00
       1.736260E-02   9.826398E+00   2.857426E+02   0.000000E+00   0.000000E+00
       1.737428E-02   9.280396E+00   2.858206E+02   0.000000E+00   0.000000E+00
       1.738481E-02   8.738270E+00   2.858962E+02   0.000000E+00   0.000000E+00
       1.739435E-02   8.203629E+00   2.859688E+02   0.000000E+00   0.000000E+00
       1.740300E-02   7.680110E+00   2.860379E+02   0.000000E+00   0.000000E+00
       1.741087E-02   7.171201E+00   2.861034E+02   0.000000E+00   0.000000E+00
       1.741805E-02   6.680059E+00   2.861650E+02   0.000000E+00   0.000000E+00
       1.742461E-02   6.209351E+00   2.862227E+02   0.000000E+00   0.000000E+00
       1.743062E-02   5.761129E+00   2.862765E+02   0.000000E+00   0.000000E+00
       1.743614E-02   5.336779E+00   2.863267E+02   0.000000E+00   0.000000E+00
       1.744122E-02   4.937030E+00   2.863733E+02   0.000000E+00   0.000000E+00
       1.744588E-02   4.562019E+00   2.864166E+02   0.000000E+00   0.000000E+00
       1.745019E-02   4.211390E+00   2.864567E+02   0.000000E+00   0.000000E+00
       1.745415E-02   3.884410E+00   2.864939E+02   0.000000E+00   0.000000E+00
       1.745781E-02   3.580073E+00   2.865283E+02   0.000000E+00   0.000000E+00
       1.746119E-02   3.297200E+00   2.865602E+02   0.000000E+00   0.000000E+00
       1.746432E-02   3.034511E+00   2.865897E+02   0.000000E+00   0.000000E+00
       1.746721E-02   2.790682E+00   2.866170E+02   0.000000E+00   0.000000E+00
       1.746988E-02   2.564390E+00   2.866423E+02   0.000000E+00   0.000000E+00
       1.747236E-02   2.354336E+00   2.866658E+02   0.000000E+00   0.000000E+00
       1.747466E-02   2.159263E+00   2.866876E+02   0.000000E+00   0.000000E+00
       1.747679E-02   1.977967E+00   2.867078E+02   0.000000E+00   0.000000E+00
       1.747877E-02   1.809298E+00   2.867266E+02   0.000000E+00   0.000000E+00
       1.748062E-02   1.652158E+00   2.867441E+02   0.000000E+00   0.000000E+00
       1.748234E-02   1.505502E+00   2.867604E+02   0.000000E+00   0.000000E+00
       1.748395E-02   1.368324E+00   2.867757E+02   0.000000E+00   0.000000E+00
       1.748546E-02   1.239648E+00   2.867900E+02   0.000000E+00   0.000000E+00
       1.748689E-02   1.118516E+00   2.868035E+02   0.000000E+00   0.000000E+00
       1.748823E-02   1.003959E+00   2.868162E+02   0.000000E+00   0.000000E+00
       1.748951E-02   8.949678E-01   2.868284E+02   0.000000E+00   0.000000E+00
       1.749074E-02   7.904345E-01   2.868400E+02   0.000000E+00   0.000000E+00
       1.749193E-02   6.890518E-01   2.868513E+02   0.000000E+00   0.000000E+00
       1.749310E-02   5.891120E-01   2.868624E+02   0.000000E+00   0.000000E+00
       1.749428E-02   4.880371E-01   2.868736E+02   0.000000E+00   0.000000E+00
       1.749554E-02   3.809781E-01   2.868855E+02   0.000000E+00   0.000000E+00
       1.749810E-02   1.625773E-01   2.869098E+02   0.000000E+00   0.000000E+00
       1.750001E-02   0.000000E+00   2.869278E+02   0.000000E+00   0.000000E+00

 intg  x/dh      cfapp     cf2(I)    cf2(E)     nu(I)      nu(E)
 6427 3.429E+02 5.438E-03 0.000E+00 2.676E-03  0.000E+00  1.057E+02
               y(i)           u(i)         f(1,i)         f(2,i)         f(3,i)
       0.000000E+00   2.722975E+01   2.923253E+02   0.000000E+00   0.000000E+00
       5.815361E-04   2.722975E+01   2.923253E+02   0.000000E+00   0.000000E+00
       1.205377E-03   2.719843E+01   2.923305E+02   0.000000E+00   0.000000E+00
       1.931409E-03   2.713680E+01   2.923407E+02   0.000000E+00   0.000000E+00
       2.714673E-03   2.703496E+01   2.923576E+02   0.000000E+00   0.000000E+00
       3.506002E-03   2.689624E+01   2.923805E+02   0.000000E+00   0.000000E+00
       4.303285E-03   2.672025E+01   2.924094E+02   0.000000E+00   0.000000E+00
       5.106288E-03   2.650633E+01   2.924445E+02   0.000000E+00   0.000000E+00
       5.915440E-03   2.625358E+01   2.924858E+02   0.000000E+00   0.000000E+00
       6.731488E-03   2.596092E+01   2.925334E+02   0.000000E+00   0.000000E+00
       7.555387E-03   2.562699E+01   2.925873E+02   0.000000E+00   0.000000E+00
       8.388262E-03   2.525016E+01   2.926478E+02   0.000000E+00   0.000000E+00
       9.231414E-03   2.482849E+01   2.927150E+02   0.000000E+00   0.000000E+00
       1.008634E-02   2.435966E+01   2.927890E+02   0.000000E+00   0.000000E+00
       1.095138E-02   2.384290E+01   2.928698E+02   0.000000E+00   0.000000E+00
       1.179106E-02   2.329979E+01   2.929539E+02   0.000000E+00   0.000000E+00
       1.254768E-02   2.277543E+01   2.930342E+02   0.000000E+00   0.000000E+00
       1.320307E-02   2.229498E+01   2.931070E+02   0.000000E+00   0.000000E+00
       1.377006E-02   2.185969E+01   2.931724E+02   0.000000E+00   0.000000E+00
       1.425993E-02   2.146895E+01   2.932306E+02   0.000000E+00   0.000000E+00
       1.468276E-02   2.110279E+01   2.932847E+02   0.000000E+00   0.000000E+00
       1.504772E-02   2.073796E+01   2.933383E+02   0.000000E+00   0.000000E+00
       1.536293E-02   2.037162E+01   2.933919E+02   0.000000E+00   0.000000E+00
       1.563532E-02   2.000484E+01   2.934454E+02   0.000000E+00   0.000000E+00
       1.587085E-02   1.963778E+01   2.934986E+02   0.000000E+00   0.000000E+00
       1.607463E-02   1.927032E+01   2.935518E+02   0.000000E+00   0.000000E+00
       1.625103E-02   1.890201E+01   2.936050E+02   0.000000E+00   0.000000E+00
       1.640383E-02   1.853208E+01   2.936583E+02   0.000000E+00   0.000000E+00
       1.653627E-02   1.815944E+01   2.937120E+02   0.000000E+00   0.000000E+00
       1.665114E-02   1.778285E+01   2.937662E+02   0.000000E+00   0.000000E+00
       1.675087E-02   1.740088E+01   2.938213E+02   0.000000E+00   0.000000E+00
       1.683752E-02   1.701210E+01   2.938774E+02   0.000000E+00   0.000000E+00
       1.691290E-02   1.661505E+01   2.939348E+02   0.000000E+00   0.000000E+00
       1.697855E-02   1.620837E+01   2.939939E+02   0.000000E+00   0.000000E+00
       1.703579E-02   1.579081E+01   2.940548E+02   0.000000E+00   0.000000E+00
       1.708578E-02   1.536131E+01   2.941177E+02   0.000000E+00   0.000000E+00
       1.712952E-02   1.491901E+01   2.941829E+02   0.000000E+00   0.000000E+00
       1.716784E-02   1.446333E+01   2.942505E+02   0.000000E+00   0.000000E+00
       1.720149E-02   1.399394E+01   2.943206E+02   0.000000E+00   0.000000E+00
       1.723109E-02   1.351087E+01   2.943932E+02   0.000000E+00   0.000000E+00
       1.725720E-02   1.301449E+01   2.944681E+02   0.000000E+00   0.000000E+00
       1.728028E-02   1.250552E+01   2.945453E+02   0.000000E+00   0.000000E+00
       1.730074E-02   1.198511E+01   2.946242E+02   0.000000E+00   0.000000E+00
       1.731892E-02   1.145481E+01   2.947044E+02   0.000000E+00   0.000000E+00
       1.733512E-02   1.091660E+01   2.947853E+02   0.000000E+00   0.000000E+00
       1.734961E-02   1.037287E+01   2.948660E+02   0.000000E+00   0.000000E+00
       1.736259E-02   9.826432E+00   2.949458E+02   0.000000E+00   0.000000E+00
       1.737427E-02   9.280430E+00   2.950238E+02   0.000000E+00   0.000000E+00
       1.738480E-02   8.738303E+00   2.950994E+02   0.000000E+00   0.000000E+00
       1.739433E-02   8.203662E+00   2.951720E+02   0.000000E+00   0.000000E+00
       1.740298E-02   7.680142E+00   2.952411E+02   0.000000E+00   0.000000E+00
       1.741085E-02   7.171232E+00   2.953066E+02   0.000000E+00   0.000000E+00
       1.741803E-02   6.680090E+00   2.953681E+02   0.000000E+00   0.000000E+00
       1.742460E-02   6.209380E+00   2.954258E+02   0.000000E+00   0.000000E+00
       1.743061E-02   5.761157E+00   2.954797E+02   0.000000E+00   0.000000E+00
       1.743613E-02   5.336806E+00   2.955299E+02   0.000000E+00   0.000000E+00
       1.744120E-02   4.937056E+00   2.955765E+02   0.000000E+00   0.000000E+00
       1.744587E-02   4.562043E+00   2.956198E+02   0.000000E+00   0.000000E+00
       1.745017E-02   4.211413E+00   2.956599E+02   0.000000E+00   0.000000E+00
       1.745414E-02   3.884431E+00   2.956971E+02   0.000000E+00   0.000000E+00
       1.745780E-02   3.580094E+00   2.957315E+02   0.000000E+00   0.000000E+00
       1.746118E-02   3.297219E+00   2.957634E+02   0.000000E+00   0.000000E+00
       1.746430E-02   3.034529E+00   2.957929E+02   0.000000E+00   0.000000E+00
       1.746719E-02   2.790699E+00   2.958202E+02   0.000000E+00   0.000000E+00
       1.746987E-02   2.564406E+00   2.958455E+02   0.000000E+00   0.000000E+00
       1.747235E-02   2.354350E+00   2.958690E+02   0.000000E+00   0.000000E+00
       1.747464E-02   2.159277E+00   2.958908E+02   0.000000E+00   0.000000E+00
       1.747678E-02   1.977980E+00   2.959110E+02   0.000000E+00   0.000000E+00
       1.747876E-02   1.809309E+00   2.959298E+02   0.000000E+00   0.000000E+00
       1.748061E-02   1.652169E+00   2.959473E+02   0.000000E+00   0.000000E+00
       1.748233E-02   1.505512E+00   2.959636E+02   0.000000E+00   0.000000E+00
       1.748394E-02   1.368333E+00   2.959789E+02   0.000000E+00   0.000000E+00
       1.748545E-02   1.239656E+00   2.959932E+02   0.000000E+00   0.000000E+00
       1.748687E-02   1.118523E+00   2.960067E+02   0.000000E+00   0.000000E+00
       1.748822E-02   1.003966E+00   2.960194E+02   0.000000E+00   0.000000E+00
       1.748950E-02   8.949739E-01   2.960315E+02   0.000000E+00   0.000000E+00
       1.749072E-02   7.904400E-01   2.960432E+02   0.000000E+00   0.000000E+00
       1.749191E-02   6.890566E-01   2.960544E+02   0.000000E+00   0.000000E+00
       1.749309E-02   5.891162E-01   2.960655E+02   0.000000E+00   0.000000E+00
       1.749427E-02   4.880405E-01   2.960768E+02   0.000000E+00   0.000000E+00
       1.749553E-02   3.809808E-01   2.960887E+02   0.000000E+00   0.000000E+00
       1.749809E-02   1.625784E-01   2.961129E+02   0.000000E+00   0.000000E+00
       1.749999E-02   0.000000E+00   2.961310E+02   0.000000E+00   0.000000E+00
