  ====================================================
  TEXSTAN(academic)
  s410_7.dat, turb ml+em, pipe, CEF, Ts(x)                                
  stepsize: variable from dx=  .010 to dx=  .200
  energy eqn: solved, no source terms
  properties: constant
     po= 8.01325E+05  den= 8.15000E+02  vis= 4.99000E-03  sp_ht= 2.10100E+03
     prc(je)=  100.000
  initial profiles: kstart=  1  dyi= 1.000E-06  rate=  .1750
  turbulence model information:
     m-l: k=0.40, al=0.070, a+=26, em=fn(0.005,0.9)
     turbulent prandtl number model: prt= fxx
  axx= 0.0000E+00  bxx= 0.0000E+00  cxx= 0.0000E+00  dxx= 0.0000E+00
  exx= 0.0000E+00  fxx= 9.0000E-01  gxx= 0.0000E+00
  ====================================================
   Turbulent pipe flow benchmark
   cf/2,theo = 1./(2.236*ln(re,dh)-4.639)**2                           
   nu,theo = (re,dh-1000)*prm*cf2)/(1+12.7*(prm**0.667-1.)*sqrt(cf/2))
   re,dh = 5.0000E+04   prm =100.000
  ====================================================

 intg  x/dh      cf2         nu     cfrat   nurat  tm/ts  ts         qflux
    5 2.500E-02 1.180E-02  3295.4   4.511   3.694  1.000 2.800E+02  2.500E+02
  200 1.000E+00 3.737E-03  1049.1   1.429   1.176  1.000 2.801E+02  2.500E+02
  400 2.000E+00 3.337E-03   975.6   1.276   1.094  1.000 2.801E+02  2.500E+02
  600 3.000E+00 3.158E-03   944.0   1.207   1.058  1.000 2.801E+02  2.500E+02
  800 4.000E+00 3.054E-03   925.7   1.168   1.038  1.000 2.801E+02  2.500E+02
 1000 5.000E+00 2.987E-03   913.8   1.142   1.024  1.000 2.801E+02  2.500E+02
 1200 6.106E+00 2.936E-03   904.7   1.122   1.014  1.000 2.801E+02  2.500E+02
 1400 7.458E+00 2.889E-03   896.4   1.105   1.005  1.000 2.801E+02  2.500E+02
 1600 9.108E+00 2.846E-03   888.8   1.088    .996  1.000 2.801E+02  2.500E+02
 1800 1.112E+01 2.807E-03   882.0   1.073    .989  1.000 2.801E+02  2.500E+02
 2000 1.358E+01 2.773E-03   875.9   1.060    .982  1.000 2.801E+02  2.500E+02
 2200 1.659E+01 2.744E-03   870.7   1.049    .976  1.000 2.801E+02  2.500E+02
 2400 2.026E+01 2.721E-03   866.5   1.040    .971  1.000 2.801E+02  2.500E+02
 2600 2.475E+01 2.703E-03   863.2   1.033    .968  1.000 2.801E+02  2.500E+02
 2800 3.022E+01 2.691E-03   861.0   1.029    .965  1.000 2.801E+02  2.500E+02
 3000 3.691E+01 2.683E-03   859.6   1.026    .963  1.000 2.801E+02  2.500E+02
 3200 4.508E+01 2.679E-03   858.8   1.024    .963  1.000 2.801E+02  2.500E+02
 3400 5.504E+01 2.677E-03   858.4   1.024    .962  1.000 2.801E+02  2.500E+02
 3600 6.721E+01 2.677E-03   858.3   1.023    .962  1.000 2.801E+02  2.500E+02
 3800 8.209E+01 2.676E-03   858.3   1.023    .962  1.000 2.801E+02  2.500E+02
 4000 1.002E+02 2.676E-03   858.3   1.023    .962  1.000 2.801E+02  2.500E+02
 4200 1.202E+02 2.676E-03   858.3   1.023    .962  1.000 2.801E+02  2.500E+02
 4400 1.402E+02 2.676E-03   858.3   1.023    .962  1.000 2.801E+02  2.500E+02
 4600 1.602E+02 2.676E-03   858.3   1.023    .962  1.000 2.801E+02  2.500E+02
 4800 1.802E+02 2.676E-03   858.3   1.023    .962  1.000 2.801E+02  2.500E+02
 5000 2.002E+02 2.676E-03   858.3   1.023    .962  1.000 2.801E+02  2.500E+02
 5200 2.202E+02 2.676E-03   858.3   1.023    .962  1.000 2.801E+02  2.500E+02
 5400 2.402E+02 2.676E-03   858.3   1.023    .962  1.000 2.801E+02  2.500E+02
 5600 2.602E+02 2.676E-03   858.3   1.023    .962  1.000 2.801E+02  2.500E+02
 5800 2.802E+02 2.676E-03   858.3   1.023    .962  1.000 2.801E+02  2.500E+02
 6000 3.002E+02 2.676E-03   858.3   1.023    .962  1.000 2.801E+02  2.500E+02
 6200 3.202E+02 2.676E-03   858.3   1.023    .962  1.000 2.801E+02  2.500E+02
 6400 3.402E+02 2.676E-03   858.3   1.023    .962  1.000 2.801E+02  2.500E+02
 6427 3.429E+02 2.676E-03   858.3   1.023    .962  1.000 2.801E+02  2.500E+02
