   s200_5.dat, turb ml, flat plate, Ts(x)                                  
   scaling factor for x/s, s=  1.0000E+00
   constant props, csubp =  1005.00 htc based on (ts-tinf)
        intg  x/s            htc         qflux       ts          tinf
           5  2.0011288E-01  5.5743E+01 -2.7871E+02  2.9500E+02  3.0000E+02
          50  2.0156056E-01  5.5139E+01 -2.7570E+02  2.9500E+02  3.0000E+02
         100  2.0744056E-01  5.5277E+01 -2.7638E+02  2.9500E+02  3.0000E+02
         150  2.2435896E-01  5.3614E+01 -2.6807E+02  2.9500E+02  3.0000E+02
         200  2.4514801E-01  5.1468E+01 -2.5734E+02  2.9500E+02  3.0000E+02
         250  2.6756227E-01  4.9358E+01 -2.4679E+02  2.9500E+02  3.0000E+02
         300  2.9148718E-01  4.7549E+01 -2.3774E+02  2.9500E+02  3.0000E+02
         350  3.1690622E-01  4.6059E+01 -2.3030E+02  2.9500E+02  3.0000E+02
         400  3.4372697E-01  4.4843E+01 -2.2422E+02  2.9500E+02  3.0000E+02
         450  3.7186220E-01  4.3842E+01 -2.1921E+02  2.9500E+02  3.0000E+02
         500  4.0147726E-01  4.2997E+01 -2.1498E+02  2.9500E+02  3.0000E+02
         550  4.3253006E-01  4.2271E+01 -2.1136E+02  2.9500E+02  3.0000E+02
         600  4.6499252E-01  4.1638E+01 -2.0819E+02  2.9500E+02  3.0000E+02
         650  4.9886059E-01  4.1075E+01 -2.0537E+02  2.9500E+02  3.0000E+02
         700  5.3415326E-01  4.0566E+01 -2.0283E+02  2.9500E+02  3.0000E+02
         750  5.7091057E-01  4.0100E+01 -2.0050E+02  2.9500E+02  3.0000E+02
         800  6.0919393E-01  3.9668E+01 -1.9834E+02  2.9500E+02  3.0000E+02
         850  6.4910818E-01  3.9262E+01 -1.9631E+02  2.9500E+02  3.0000E+02
         900  6.9071860E-01  3.8879E+01 -1.9439E+02  2.9500E+02  3.0000E+02
         950  7.3407971E-01  3.8514E+01 -1.9257E+02  2.9500E+02  3.0000E+02
        1000  7.7929629E-01  3.8164E+01 -1.9082E+02  2.9500E+02  3.0000E+02
        1050  8.2649026E-01  3.7826E+01 -1.8913E+02  2.9500E+02  3.0000E+02
        1100  8.7576227E-01  3.7499E+01 -1.8750E+02  2.9500E+02  3.0000E+02
        1150  9.2720988E-01  3.7181E+01 -1.8591E+02  2.9500E+02  3.0000E+02
        1200  9.8092571E-01  3.6871E+01 -1.8436E+02  2.9500E+02  3.0000E+02
        1250  1.0369963E+00  3.6568E+01 -1.8284E+02  2.9500E+02  3.0000E+02
        1300  1.0955015E+00  3.6272E+01 -1.8136E+02  2.9500E+02  3.0000E+02
        1350  1.1565148E+00  3.5982E+01 -1.7991E+02  2.9500E+02  3.0000E+02
        1400  1.2201036E+00  3.5698E+01 -1.7849E+02  2.9500E+02  3.0000E+02
        1450  1.2863305E+00  3.5419E+01 -1.7709E+02  2.9500E+02  3.0000E+02
        1500  1.3552545E+00  3.5145E+01 -1.7573E+02  2.9500E+02  3.0000E+02
        1550  1.4269378E+00  3.4877E+01 -1.7439E+02  2.9500E+02  3.0000E+02
        1600  1.5017600E+00  3.4613E+01 -1.7306E+02  2.9500E+02  3.0000E+02
        1650  1.5799689E+00  3.4352E+01 -1.7176E+02  2.9500E+02  3.0000E+02
        1700  1.6616205E+00  3.4094E+01 -1.7047E+02  2.9500E+02  3.0000E+02
        1750  1.7467668E+00  3.3841E+01 -1.6921E+02  2.9500E+02  3.0000E+02
        1800  1.8354577E+00  3.3592E+01 -1.6796E+02  2.9500E+02  3.0000E+02
        1850  1.9277426E+00  3.3347E+01 -1.6674E+02  2.9500E+02  3.0000E+02
        1900  2.0236724E+00  3.3106E+01 -1.6553E+02  2.9500E+02  3.0000E+02
        1950  2.1233252E+00  3.2870E+01 -1.6435E+02  2.9500E+02  3.0000E+02
        2000  2.2272859E+00  3.2637E+01 -1.6318E+02  2.9500E+02  3.0000E+02
        2050  2.3358142E+00  3.2406E+01 -1.6203E+02  2.9500E+02  3.0000E+02
        2100  2.4489510E+00  3.2179E+01 -1.6089E+02  2.9500E+02  3.0000E+02
        2150  2.5667394E+00  3.1955E+01 -1.5977E+02  2.9500E+02  3.0000E+02
        2200  2.6892261E+00  3.1734E+01 -1.5867E+02  2.9500E+02  3.0000E+02
        2250  2.8164627E+00  3.1517E+01 -1.5759E+02  2.9500E+02  3.0000E+02
        2300  2.9485066E+00  3.1304E+01 -1.5652E+02  2.9500E+02  3.0000E+02
        2319  3.0000000E+00  3.1224E+01 -1.5612E+02  2.9500E+02  3.0000E+02
