  writing from strt subroutines
     mxinl  xstart       uinf         twall        tstag
         2  2.00000E-01  1.50000E+01  2.95000E+02  3.00000E+02
            ainf         po           hwall        hstag
            0.00000E+00  1.01325E+05  2.95000E+02  3.00000E+02
            prc(je)      viscoc       rhoc         rex
            7.07000E-01  1.83800E-05  1.17700E+00  2.01717E+05
            csubp             
            1.00500E+03
    i          yplus          yy(i)      yy(i)/del  yy(i)-yy(i-1)
    2     7.7250E-02     1.6103E-06     2.3785E-04     1.6103E-06
    3     2.1145E-01     4.4078E-06     6.5105E-04     2.7975E-06
    4     3.3048E-01     6.8891E-06     1.0175E-03     2.4812E-06
    5     4.6023E-01     9.5936E-06     1.4170E-03     2.7046E-06
    6     6.0165E-01     1.2542E-05     1.8524E-03     2.9480E-06
    7     7.5580E-01     1.5755E-05     2.3270E-03     3.2133E-06
    8     9.2382E-01     1.9257E-05     2.8444E-03     3.5025E-06
    9     1.1070E+00     2.3075E-05     3.4082E-03     3.8177E-06
   10     1.3066E+00     2.7236E-05     4.0229E-03     4.1613E-06
   11     1.5242E+00     3.1772E-05     4.6928E-03     4.5358E-06
   12     1.7614E+00     3.6716E-05     5.4231E-03     4.9440E-06
   13     2.0199E+00     4.2105E-05     6.2191E-03     5.3890E-06
   14     2.3017E+00     4.7979E-05     7.0867E-03     5.8740E-06
   15     2.6088E+00     5.4382E-05     8.0324E-03     6.4027E-06
   16     2.9436E+00     6.1361E-05     9.0632E-03     6.9789E-06
   17     3.3085E+00     6.8968E-05     1.0187E-02     7.6070E-06
   18     3.7063E+00     7.7260E-05     1.1411E-02     8.2917E-06
   19     4.1399E+00     8.6297E-05     1.2746E-02     9.0379E-06
   20     4.6125E+00     9.6149E-05     1.4201E-02     9.8513E-06
   21     5.1276E+00     1.0689E-04     1.5787E-02     1.0738E-05
   22     5.6891E+00     1.1859E-04     1.7516E-02     1.1704E-05
   23     6.3011E+00     1.3135E-04     1.9401E-02     1.2758E-05
   24     6.9682E+00     1.4525E-04     2.1454E-02     1.3906E-05
   25     7.6953E+00     1.6041E-04     2.3693E-02     1.5157E-05
   26     8.4879E+00     1.7693E-04     2.6134E-02     1.6522E-05
   27     9.3518E+00     1.9494E-04     2.8793E-02     1.8009E-05
   28     1.0293E+01     2.1457E-04     3.1693E-02     1.9629E-05
   29     1.1320E+01     2.3597E-04     3.4853E-02     2.1396E-05
   30     1.2439E+01     2.5929E-04     3.8298E-02     2.3322E-05
   31     1.3658E+01     2.8471E-04     4.2052E-02     2.5421E-05
   32     1.4987E+01     3.1242E-04     4.6145E-02     2.7708E-05
   33     1.6436E+01     3.4262E-04     5.0606E-02     3.0202E-05
   34     1.8015E+01     3.7554E-04     5.5468E-02     3.2920E-05
   35     1.9737E+01     4.1142E-04     6.0768E-02     3.5883E-05
   36     2.1613E+01     4.5054E-04     6.6545E-02     3.9113E-05
   37     2.3658E+01     4.9317E-04     7.2842E-02     4.2633E-05
   38     2.5888E+01     5.3964E-04     7.9706E-02     4.6470E-05
   39     2.8318E+01     5.9029E-04     8.7188E-02     5.0652E-05
   40     3.0966E+01     6.4550E-04     9.5342E-02     5.5211E-05
   41     3.3853E+01     7.0568E-04     1.0423E-01     6.0180E-05
   42     3.7000E+01     7.7128E-04     1.1392E-01     6.5596E-05
   43     4.0430E+01     8.4278E-04     1.2448E-01     7.1500E-05
   44     4.4169E+01     9.2071E-04     1.3599E-01     7.7935E-05
   45     4.8244E+01     1.0057E-03     1.4854E-01     8.4949E-05
   46     5.2686E+01     1.0983E-03     1.6222E-01     9.2594E-05
   47     5.7527E+01     1.1992E-03     1.7712E-01     1.0093E-04
   48     6.2805E+01     1.3092E-03     1.9337E-01     1.1001E-04
   49     6.8557E+01     1.4291E-03     2.1108E-01     1.1991E-04
   50     7.4827E+01     1.5598E-03     2.3039E-01     1.3070E-04
   51     8.1662E+01     1.7023E-03     2.5143E-01     1.4247E-04
   52     8.9111E+01     1.8576E-03     2.7437E-01     1.5529E-04
   53     9.7231E+01     2.0268E-03     2.9937E-01     1.6927E-04
   54     1.0608E+02     2.2113E-03     3.2662E-01     1.8450E-04
   55     1.1573E+02     2.4124E-03     3.5632E-01     2.0110E-04
   56     1.2623E+02     2.6313E-03     3.8864E-01     2.1882E-04
   57     1.3738E+02     2.8637E-03     4.2297E-01     2.3242E-04
   58     1.4874E+02     3.1006E-03     4.5797E-01     2.3696E-04
   59     1.6011E+02     3.3376E-03     4.9297E-01     2.3696E-04
   60     1.7148E+02     3.5746E-03     5.2797E-01     2.3696E-04
   61     1.8285E+02     3.8115E-03     5.6297E-01     2.3696E-04
   62     1.9421E+02     4.0485E-03     5.9797E-01     2.3696E-04
   63     2.0558E+02     4.2855E-03     6.3297E-01     2.3696E-04
   64     2.1695E+02     4.5224E-03     6.6797E-01     2.3696E-04
   65     2.2832E+02     4.7594E-03     7.0297E-01     2.3696E-04
   66     2.3969E+02     4.9963E-03     7.3797E-01     2.3696E-04
   67     2.5105E+02     5.2333E-03     7.7297E-01     2.3696E-04
   68     2.6242E+02     5.4703E-03     8.0797E-01     2.3696E-04
   69     2.7379E+02     5.7072E-03     8.4297E-01     2.3696E-04
   70     2.8516E+02     5.9442E-03     8.7797E-01     2.3696E-04
   71     2.9652E+02     6.1812E-03     9.1297E-01     2.3696E-04
   72     3.0789E+02     6.4181E-03     9.4797E-01     2.3696E-04
   73     3.1926E+02     6.6551E-03     9.8297E-01     2.3696E-04
   74     3.3063E+02     6.8920E-03     1.0180E+00     2.3696E-04
   75     3.4199E+02     7.1290E-03     1.0530E+00     2.3696E-04
   76     3.5336E+02     7.3660E-03     1.0880E+00     2.3696E-04
   77     3.6473E+02     7.6029E-03     1.1230E+00     2.3696E-04
   78     3.7610E+02     7.8399E-03     1.1580E+00     2.3696E-04
   79     3.8746E+02     8.0769E-03     1.1930E+00     2.3696E-04
   80     3.9883E+02     8.3138E-03     1.2280E+00     2.3696E-04
   81     4.1020E+02     8.5508E-03     1.2630E+00     2.3696E-04
   82     4.2441E+02     8.8470E-03     1.3067E+00     2.9620E-04
   83     4.3293E+02     9.0247E-03     1.3330E+00     1.7772E-04
    i  yplus       upl         edr         hpl         kpl         epl
    2  7.7250E-02  7.7250E-02  5.9771E-10  5.4616E-02  0.0000E+00  0.0000E+00
    3  2.1145E-01  2.1145E-01  1.1611E-07  1.4950E-01  0.0000E+00  0.0000E+00
    4  3.3048E-01  3.3048E-01  1.4344E-06  2.3365E-01  0.0000E+00  0.0000E+00
    5  4.6023E-01  4.6023E-01  6.4681E-06  3.2538E-01  0.0000E+00  0.0000E+00
    6  6.0165E-01  6.0164E-01  2.0924E-05  4.2536E-01  0.0000E+00  0.0000E+00
    7  7.5580E-01  7.5578E-01  5.5548E-05  5.3434E-01  0.0000E+00  0.0000E+00
    8  9.2382E-01  9.2378E-01  1.2936E-04  6.5313E-01  0.0000E+00  0.0000E+00
    9  1.1070E+00  1.1069E+00  2.7448E-04  7.8260E-01  0.0000E+00  0.0000E+00
   10  1.3066E+00  1.3064E+00  5.4334E-04  9.2370E-01  0.0000E+00  0.0000E+00
   11  1.5242E+00  1.5238E+00  1.0192E-03  1.0775E+00  0.0000E+00  0.0000E+00
   12  1.7614E+00  1.7605E+00  1.8315E-03  1.2450E+00  0.0000E+00  0.0000E+00
   13  2.0199E+00  2.0182E+00  3.1775E-03  1.4276E+00  0.0000E+00  0.0000E+00
   14  2.3017E+00  2.2985E+00  5.3523E-03  1.6263E+00  0.0000E+00  0.0000E+00
   15  2.6088E+00  2.6030E+00  8.7894E-03  1.8427E+00  0.0000E+00  0.0000E+00
   16  2.9436E+00  2.9331E+00  1.4113E-02  2.0780E+00  0.0000E+00  0.0000E+00
   17  3.3085E+00  3.2901E+00  2.2203E-02  2.3336E+00  0.0000E+00  0.0000E+00
   18  3.7063E+00  3.6747E+00  3.4260E-02  2.6109E+00  0.0000E+00  0.0000E+00
   19  4.1399E+00  4.0869E+00  5.1877E-02  2.9108E+00  0.0000E+00  0.0000E+00
   20  4.6125E+00  4.5257E+00  7.7073E-02  3.2342E+00  0.0000E+00  0.0000E+00
   21  5.1276E+00  4.9888E+00  1.1230E-01  3.5815E+00  0.0000E+00  0.0000E+00
   22  5.6891E+00  5.4727E+00  1.6036E-01  3.9523E+00  0.0000E+00  0.0000E+00
   23  6.3011E+00  5.9725E+00  2.2434E-01  4.3453E+00  0.0000E+00  0.0000E+00
   24  6.9682E+00  6.4827E+00  3.0748E-01  4.7582E+00  0.0000E+00  0.0000E+00
   25  7.6953E+00  6.9973E+00  4.1312E-01  5.1876E+00  0.0000E+00  0.0000E+00
   26  8.4879E+00  7.5104E+00  5.4474E-01  5.6291E+00  0.0000E+00  0.0000E+00
   27  9.3518E+00  8.0168E+00  7.0598E-01  6.0772E+00  0.0000E+00  0.0000E+00
   28  1.0293E+01  8.5122E+00  9.0077E-01  6.5263E+00  0.0000E+00  0.0000E+00
   29  1.1320E+01  8.9933E+00  1.1334E+00  6.9706E+00  0.0000E+00  0.0000E+00
   30  1.2439E+01  9.4578E+00  1.4088E+00  7.4051E+00  0.0000E+00  0.0000E+00
   31  1.3658E+01  9.9041E+00  1.7321E+00  7.8257E+00  0.0000E+00  0.0000E+00
   32  1.4987E+01  1.0332E+01  2.1094E+00  8.2296E+00  0.0000E+00  0.0000E+00
   33  1.6436E+01  1.0740E+01  2.5470E+00  8.6152E+00  0.0000E+00  0.0000E+00
   34  1.8015E+01  1.1130E+01  3.0521E+00  8.9818E+00  0.0000E+00  0.0000E+00
   35  1.9737E+01  1.1501E+01  3.6323E+00  9.3293E+00  0.0000E+00  0.0000E+00
   36  2.1613E+01  1.1856E+01  4.2955E+00  9.6586E+00  0.0000E+00  0.0000E+00
   37  2.3658E+01  1.2194E+01  5.0504E+00  9.9705E+00  0.0000E+00  0.0000E+00
   38  2.5888E+01  1.2517E+01  5.9059E+00  1.0266E+01  0.0000E+00  0.0000E+00
   39  2.8318E+01  1.2825E+01  6.8709E+00  1.0547E+01  0.0000E+00  0.0000E+00
   40  3.0966E+01  1.3121E+01  7.9547E+00  1.0815E+01  0.0000E+00  0.0000E+00
   41  3.3853E+01  1.3405E+01  9.1664E+00  1.1070E+01  0.0000E+00  0.0000E+00
   42  3.7000E+01  1.3678E+01  1.0515E+01  1.1314E+01  0.0000E+00  0.0000E+00
   43  4.0430E+01  1.3942E+01  1.2009E+01  1.1548E+01  0.0000E+00  0.0000E+00
   44  4.4169E+01  1.4197E+01  1.3658E+01  1.1774E+01  0.0000E+00  0.0000E+00
   45  4.8244E+01  1.4445E+01  1.5468E+01  1.1992E+01  0.0000E+00  0.0000E+00
   46  5.2686E+01  1.4685E+01  1.7449E+01  1.2204E+01  0.0000E+00  0.0000E+00
   47  5.7527E+01  1.4920E+01  1.9607E+01  1.2410E+01  0.0000E+00  0.0000E+00
   48  6.2805E+01  1.5150E+01  2.1951E+01  1.2610E+01  0.0000E+00  0.0000E+00
   49  6.8557E+01  1.5376E+01  2.4488E+01  1.2807E+01  0.0000E+00  0.0000E+00
   50  7.4827E+01  1.5598E+01  2.7228E+01  1.3000E+01  0.0000E+00  0.0000E+00
   51  8.1662E+01  1.5817E+01  3.0182E+01  1.3190E+01  0.0000E+00  0.0000E+00
   52  8.9111E+01  1.6034E+01  3.3362E+01  1.3378E+01  0.0000E+00  0.0000E+00
   switching to outer region power law profile          53
   normal exponent for mom = 7th
    actual power = 5.8
   normal exponent for temp = 7th
    actual power = 7.6
   53  9.7231E+01  1.6276E+01  3.3362E+01  1.3533E+01  0.0000E+00  0.0000E+00
   54  1.0608E+02  1.6521E+01  3.3362E+01  1.3690E+01  0.0000E+00  0.0000E+00
   55  1.1573E+02  1.6770E+01  3.3362E+01  1.3848E+01  0.0000E+00  0.0000E+00
   56  1.2623E+02  1.7022E+01  3.3362E+01  1.4008E+01  0.0000E+00  0.0000E+00
   57  1.3738E+02  1.7272E+01  3.3362E+01  1.4166E+01  0.0000E+00  0.0000E+00
   58  1.4874E+02  1.7509E+01  3.3362E+01  1.4315E+01  0.0000E+00  0.0000E+00
   59  1.6011E+02  1.7732E+01  3.3362E+01  1.4455E+01  0.0000E+00  0.0000E+00
   60  1.7148E+02  1.7942E+01  3.3362E+01  1.4587E+01  0.0000E+00  0.0000E+00
   61  1.8285E+02  1.8141E+01  3.3362E+01  1.4711E+01  0.0000E+00  0.0000E+00
   62  1.9421E+02  1.8330E+01  3.3362E+01  1.4829E+01  0.0000E+00  0.0000E+00
   63  2.0558E+02  1.8510E+01  3.3362E+01  1.4941E+01  0.0000E+00  0.0000E+00
   64  2.1695E+02  1.8682E+01  3.3362E+01  1.5048E+01  0.0000E+00  0.0000E+00
   65  2.2832E+02  1.8847E+01  3.3362E+01  1.5150E+01  0.0000E+00  0.0000E+00
   66  2.3969E+02  1.9005E+01  3.3362E+01  1.5247E+01  0.0000E+00  0.0000E+00
   67  2.5105E+02  1.9157E+01  3.3362E+01  1.5341E+01  0.0000E+00  0.0000E+00
   68  2.6242E+02  1.9303E+01  3.3362E+01  1.5431E+01  0.0000E+00  0.0000E+00
   69  2.7379E+02  1.9444E+01  3.3362E+01  1.5518E+01  0.0000E+00  0.0000E+00
   70  2.8516E+02  1.9580E+01  3.3362E+01  1.5602E+01  0.0000E+00  0.0000E+00
   71  2.9652E+02  1.9712E+01  3.3362E+01  1.5683E+01  0.0000E+00  0.0000E+00
   72  3.0789E+02  1.9840E+01  3.3362E+01  1.5761E+01  0.0000E+00  0.0000E+00
   73  3.1926E+02  1.9964E+01  3.3362E+01  1.5836E+01  0.0000E+00  0.0000E+00
   74  3.3063E+02  2.0023E+01  3.3362E+01  1.5872E+01  0.0000E+00  0.0000E+00
   75  3.4199E+02  2.0023E+01  3.3362E+01  1.5872E+01  0.0000E+00  0.0000E+00
   76  3.5336E+02  2.0023E+01  3.3362E+01  1.5872E+01  0.0000E+00  0.0000E+00
   77  3.6473E+02  2.0023E+01  3.3362E+01  1.5872E+01  0.0000E+00  0.0000E+00
   78  3.7610E+02  2.0023E+01  3.3362E+01  1.5872E+01  0.0000E+00  0.0000E+00
   79  3.8746E+02  2.0023E+01  3.3362E+01  1.5872E+01  0.0000E+00  0.0000E+00
   80  3.9883E+02  2.0023E+01  3.3362E+01  1.5872E+01  0.0000E+00  0.0000E+00
   81  4.1020E+02  2.0023E+01  3.3362E+01  1.5872E+01  0.0000E+00  0.0000E+00
   82  4.2441E+02  2.0023E+01  3.3362E+01  1.5872E+01  0.0000E+00  0.0000E+00
   83  4.3293E+02  2.0023E+01  3.3362E+01  1.5872E+01  0.0000E+00  0.0000E+00
    
 final analysis of grid:
    i          yy(i)      yy(i)/del  yy(i)-yy(i-1)          y5(i)
    2     1.6103E-06     1.7843E-04     1.6103E-06     0.0000E+00
    3     4.4078E-06     4.8842E-04     2.7975E-06     3.2206E-06
    4     6.8891E-06     7.6336E-04     2.4812E-06     5.5950E-06
    5     9.5936E-06     1.0630E-03     2.7046E-06     8.1831E-06
    6     1.2542E-05     1.3897E-03     2.9480E-06     1.1004E-05
    7     1.5755E-05     1.7458E-03     3.2133E-06     1.4079E-05
    8     1.9257E-05     2.1338E-03     3.5025E-06     1.7431E-05
    9     2.3075E-05     2.5569E-03     3.8177E-06     2.1084E-05
   10     2.7236E-05     3.0180E-03     4.1613E-06     2.5066E-05
   11     3.1772E-05     3.5206E-03     4.5358E-06     2.9407E-05
   12     3.6716E-05     4.0684E-03     4.9440E-06     3.4138E-05
   13     4.2105E-05     4.6656E-03     5.3890E-06     3.9295E-05
   14     4.7979E-05     5.3164E-03     5.8740E-06     4.4916E-05
   15     5.4382E-05     6.0259E-03     6.4027E-06     5.1043E-05
   16     6.1361E-05     6.7992E-03     6.9789E-06     5.7721E-05
   17     6.8968E-05     7.6421E-03     7.6070E-06     6.5001E-05
   18     7.7260E-05     8.5609E-03     8.2917E-06     7.2935E-05
   19     8.6297E-05     9.5624E-03     9.0379E-06     8.1584E-05
   20     9.6149E-05     1.0654E-02     9.8513E-06     9.1011E-05
   21     1.0689E-04     1.1844E-02     1.0738E-05     1.0129E-04
   22     1.1859E-04     1.3141E-02     1.1704E-05     1.1249E-04
   23     1.3135E-04     1.4554E-02     1.2758E-05     1.2470E-04
   24     1.4525E-04     1.6095E-02     1.3906E-05     1.3800E-04
   25     1.6041E-04     1.7775E-02     1.5157E-05     1.5251E-04
   26     1.7693E-04     1.9605E-02     1.6522E-05     1.6832E-04
   27     1.9494E-04     2.1601E-02     1.8009E-05     1.8555E-04
   28     2.1457E-04     2.3776E-02     1.9629E-05     2.0433E-04
   29     2.3597E-04     2.6147E-02     2.1396E-05     2.2481E-04
   30     2.5929E-04     2.8731E-02     2.3322E-05     2.4713E-04
   31     2.8471E-04     3.1548E-02     2.5421E-05     2.7145E-04
   32     3.1242E-04     3.4618E-02     2.7708E-05     2.9797E-04
   33     3.4262E-04     3.7965E-02     3.0202E-05     3.2687E-04
   34     3.7554E-04     4.1613E-02     3.2920E-05     3.5837E-04
   35     4.1142E-04     4.5589E-02     3.5883E-05     3.9271E-04
   36     4.5054E-04     4.9923E-02     3.9113E-05     4.3014E-04
   37     4.9317E-04     5.4647E-02     4.2633E-05     4.7094E-04
   38     5.3964E-04     5.9796E-02     4.6470E-05     5.1540E-04
   39     5.9029E-04     6.5408E-02     5.0652E-05     5.6388E-04
   40     6.4550E-04     7.1526E-02     5.5211E-05     6.1671E-04
   41     7.0568E-04     7.8194E-02     6.0180E-05     6.7430E-04
   42     7.7128E-04     8.5463E-02     6.5596E-05     7.3707E-04
   43     8.4278E-04     9.3386E-02     7.1500E-05     8.0549E-04
   44     9.2071E-04     1.0202E-01     7.7935E-05     8.8007E-04
   45     1.0057E-03     1.1143E-01     8.4949E-05     9.6136E-04
   46     1.0983E-03     1.2169E-01     9.2594E-05     1.0500E-03
   47     1.1992E-03     1.3288E-01     1.0093E-04     1.1465E-03
   48     1.3092E-03     1.4507E-01     1.1001E-04     1.2518E-03
   49     1.4291E-03     1.5835E-01     1.1991E-04     1.3666E-03
   50     1.5598E-03     1.7284E-01     1.3070E-04     1.4916E-03
   51     1.7023E-03     1.8862E-01     1.4247E-04     1.6280E-03
   52     1.8576E-03     2.0583E-01     1.5529E-04     1.7766E-03
   53     2.0268E-03     2.2459E-01     1.6927E-04     1.9386E-03
   54     2.2113E-03     2.4503E-01     1.8450E-04     2.1151E-03
   55     2.4124E-03     2.6731E-01     2.0110E-04     2.3076E-03
   56     2.6313E-03     2.9156E-01     2.1882E-04     2.5173E-03
   57     2.8637E-03     3.1732E-01     2.3242E-04     2.7452E-03
   58     3.1006E-03     3.4357E-01     2.3696E-04     2.9822E-03
   59     3.3376E-03     3.6983E-01     2.3696E-04     3.2191E-03
   60     3.5746E-03     3.9609E-01     2.3696E-04     3.4561E-03
   61     3.8115E-03     4.2234E-01     2.3696E-04     3.6930E-03
   62     4.0485E-03     4.4860E-01     2.3696E-04     3.9300E-03
   63     4.2855E-03     4.7486E-01     2.3696E-04     4.1670E-03
   64     4.5224E-03     5.0112E-01     2.3696E-04     4.4039E-03
   65     4.7594E-03     5.2737E-01     2.3696E-04     4.6409E-03
   66     4.9963E-03     5.5363E-01     2.3696E-04     4.8779E-03
   67     5.2333E-03     5.7989E-01     2.3696E-04     5.1148E-03
   68     5.4703E-03     6.0614E-01     2.3696E-04     5.3518E-03
   69     5.7072E-03     6.3240E-01     2.3696E-04     5.5887E-03
   70     5.9442E-03     6.5866E-01     2.3696E-04     5.8257E-03
   71     6.1812E-03     6.8491E-01     2.3696E-04     6.0627E-03
   72     6.4181E-03     7.1117E-01     2.3696E-04     6.2996E-03
   73     6.6551E-03     7.3743E-01     2.3696E-04     6.5366E-03
   74     6.8920E-03     7.6369E-01     2.3696E-04     6.7736E-03
   75     7.1290E-03     7.8994E-01     2.3696E-04     7.0105E-03
   76     7.3660E-03     8.1620E-01     2.3696E-04     7.2475E-03
   77     7.6029E-03     8.4246E-01     2.3696E-04     7.4845E-03
   78     7.8399E-03     8.6871E-01     2.3696E-04     7.7214E-03
   79     8.0769E-03     8.9497E-01     2.3696E-04     7.9584E-03
   80     8.3138E-03     9.2123E-01     2.3696E-04     8.1953E-03
   81     8.5508E-03     9.4749E-01     2.3696E-04     8.4323E-03
   82     8.8470E-03     9.8031E-01     2.9620E-04     8.6693E-03
   83     9.0247E-03     1.0000E+00     1.7772E-04     9.0247E-03
