###         np1           kloc          
             83              0
### profiles title                      
   s200_5.dat, turb ml, flat plate, Ts(x)                                  
###            y(i)           u(i)         f(1,i)         f(2,i)         f(3,i)
       0.000000E+00   0.000000E+00   2.950000E+02   0.000000E+00   0.000000E+00
       2.084544E-06   5.787041E-02   2.950172E+02   0.000000E+00   0.000000E+00
       4.356696E-06   1.584057E-01   2.950471E+02   0.000000E+00   0.000000E+00
       6.833343E-06   2.475752E-01   2.950736E+02   0.000000E+00   0.000000E+00
       9.532887E-06   3.447696E-01   2.951025E+02   0.000000E+00   0.000000E+00
       1.247539E-05   4.507098E-01   2.951340E+02   0.000000E+00   0.000000E+00
       1.568272E-05   5.661807E-01   2.951683E+02   0.000000E+00   0.000000E+00
       1.917871E-05   6.920347E-01   2.952057E+02   0.000000E+00   0.000000E+00
       2.298934E-05   8.291956E-01   2.952465E+02   0.000000E+00   0.000000E+00
       2.714292E-05   9.786608E-01   2.952910E+02   0.000000E+00   0.000000E+00
       3.167033E-05   1.141501E+00   2.953394E+02   0.000000E+00   0.000000E+00
       3.660520E-05   1.318852E+00   2.953922E+02   0.000000E+00   0.000000E+00
       4.198421E-05   1.511905E+00   2.954497E+02   0.000000E+00   0.000000E+00
       4.784733E-05   1.721879E+00   2.955123E+02   0.000000E+00   0.000000E+00
       5.423814E-05   1.949970E+00   2.955805E+02   0.000000E+00   0.000000E+00
       6.120411E-05   2.197283E+00   2.956546E+02   0.000000E+00   0.000000E+00
       6.879703E-05   2.464722E+00   2.957351E+02   0.000000E+00   0.000000E+00
       7.707330E-05   2.752832E+00   2.958224E+02   0.000000E+00   0.000000E+00
       8.609444E-05   3.061613E+00   2.959169E+02   0.000000E+00   0.000000E+00
       9.592749E-05   3.390310E+00   2.960188E+02   0.000000E+00   0.000000E+00
       1.066455E-04   3.737244E+00   2.961282E+02   0.000000E+00   0.000000E+00
       1.183281E-04   4.099740E+00   2.962450E+02   0.000000E+00   0.000000E+00
       1.310622E-04   4.474212E+00   2.963688E+02   0.000000E+00   0.000000E+00
       1.449424E-04   4.856432E+00   2.964989E+02   0.000000E+00   0.000000E+00
       1.600717E-04   5.241904E+00   2.966342E+02   0.000000E+00   0.000000E+00
       1.765627E-04   5.626269E+00   2.967732E+02   0.000000E+00   0.000000E+00
       1.945379E-04   6.005630E+00   2.969144E+02   0.000000E+00   0.000000E+00
       2.141309E-04   6.376758E+00   2.970559E+02   0.000000E+00   0.000000E+00
       2.354872E-04   6.737171E+00   2.971958E+02   0.000000E+00   0.000000E+00
       2.587656E-04   7.085115E+00   2.973327E+02   0.000000E+00   0.000000E+00
       2.841390E-04   7.419489E+00   2.974652E+02   0.000000E+00   0.000000E+00
       3.117961E-04   7.739736E+00   2.975924E+02   0.000000E+00   0.000000E+00
       3.419423E-04   8.045736E+00   2.977139E+02   0.000000E+00   0.000000E+00
       3.748016E-04   8.337700E+00   2.978294E+02   0.000000E+00   0.000000E+00
       4.106183E-04   8.616086E+00   2.979388E+02   0.000000E+00   0.000000E+00
       4.496585E-04   8.881520E+00   2.980426E+02   0.000000E+00   0.000000E+00
       4.922123E-04   9.134743E+00   2.981408E+02   0.000000E+00   0.000000E+00
       5.385959E-04   9.376567E+00   2.982340E+02   0.000000E+00   0.000000E+00
       5.891541E-04   9.607838E+00   2.983225E+02   0.000000E+00   0.000000E+00
       6.442625E-04   9.829413E+00   2.984067E+02   0.000000E+00   0.000000E+00
       7.043307E-04   1.004214E+01   2.984871E+02   0.000000E+00   0.000000E+00
       7.698050E-04   1.024686E+01   2.985640E+02   0.000000E+00   0.000000E+00
       8.411720E-04   1.044438E+01   2.986379E+02   0.000000E+00   0.000000E+00
       9.189620E-04   1.063546E+01   2.987090E+02   0.000000E+00   0.000000E+00
       1.003753E-03   1.082083E+01   2.987777E+02   0.000000E+00   0.000000E+00
       1.096175E-03   1.100120E+01   2.988443E+02   0.000000E+00   0.000000E+00
       1.196916E-03   1.117721E+01   2.989092E+02   0.000000E+00   0.000000E+00
       1.306723E-03   1.134947E+01   2.989724E+02   0.000000E+00   0.000000E+00
       1.426412E-03   1.151855E+01   2.990343E+02   0.000000E+00   0.000000E+00
       1.556874E-03   1.168495E+01   2.990951E+02   0.000000E+00   0.000000E+00
       1.699077E-03   1.184914E+01   2.991550E+02   0.000000E+00   0.000000E+00
       1.854079E-03   1.201155E+01   2.992142E+02   0.000000E+00   0.000000E+00
       2.023030E-03   1.219286E+01   2.992630E+02   0.000000E+00   0.000000E+00
       2.207188E-03   1.237673E+01   2.993124E+02   0.000000E+00   0.000000E+00
       2.407919E-03   1.256319E+01   2.993623E+02   0.000000E+00   0.000000E+00
       2.626716E-03   1.275199E+01   2.994127E+02   0.000000E+00   0.000000E+00
       2.863679E-03   1.293878E+01   2.994624E+02   0.000000E+00   0.000000E+00
       3.100642E-03   1.311671E+01   2.995095E+02   0.000000E+00   0.000000E+00
       3.337604E-03   1.328372E+01   2.995536E+02   0.000000E+00   0.000000E+00
       3.574567E-03   1.344117E+01   2.995951E+02   0.000000E+00   0.000000E+00
       3.811530E-03   1.359021E+01   2.996343E+02   0.000000E+00   0.000000E+00
       4.048492E-03   1.373176E+01   2.996714E+02   0.000000E+00   0.000000E+00
       4.285455E-03   1.386660E+01   2.997066E+02   0.000000E+00   0.000000E+00
       4.522417E-03   1.399541E+01   2.997402E+02   0.000000E+00   0.000000E+00
       4.759380E-03   1.411874E+01   2.997724E+02   0.000000E+00   0.000000E+00
       4.996343E-03   1.423709E+01   2.998031E+02   0.000000E+00   0.000000E+00
       5.233305E-03   1.435087E+01   2.998326E+02   0.000000E+00   0.000000E+00
       5.470268E-03   1.446047E+01   2.998610E+02   0.000000E+00   0.000000E+00
       5.707231E-03   1.456620E+01   2.998883E+02   0.000000E+00   0.000000E+00
       5.944193E-03   1.466836E+01   2.999147E+02   0.000000E+00   0.000000E+00
       6.181156E-03   1.476720E+01   2.999402E+02   0.000000E+00   0.000000E+00
       6.418118E-03   1.486295E+01   2.999648E+02   0.000000E+00   0.000000E+00
       6.655081E-03   1.495581E+01   2.999887E+02   0.000000E+00   0.000000E+00
       6.892044E-03   1.500000E+01   3.000000E+02   0.000000E+00   0.000000E+00
       7.129006E-03   1.500000E+01   3.000000E+02   0.000000E+00   0.000000E+00
       7.365969E-03   1.500000E+01   3.000000E+02   0.000000E+00   0.000000E+00
       7.602932E-03   1.500000E+01   3.000000E+02   0.000000E+00   0.000000E+00
       7.839894E-03   1.500000E+01   3.000000E+02   0.000000E+00   0.000000E+00
       8.076857E-03   1.500000E+01   3.000000E+02   0.000000E+00   0.000000E+00
       8.313820E-03   1.500000E+01   3.000000E+02   0.000000E+00   0.000000E+00
       8.550782E-03   1.500000E+01   3.000000E+02   0.000000E+00   0.000000E+00
       8.787745E-03   1.500000E+01   3.000000E+02   0.000000E+00   0.000000E+00
       9.024707E-03   1.500000E+01   3.000000E+02   0.000000E+00   0.000000E+00
