### profiles title
 s200_5.dat, turb ml, flat plate, Ts(x)                             
 intg=    0  rem=   6.9557E+02
     i  yplus       y/yl        al/yl       emut/visco  damp
     2  7.7250E-02  2.5216E-04  3.1897E-07  9.5486E-09  3.0852E-03
     3  2.1145E-01  6.9022E-04  2.3835E-06  5.3317E-07  8.4224E-03
     4  3.3048E-01  1.0788E-03  5.8083E-06  3.1663E-06  1.3132E-02
     5  4.6023E-01  1.5023E-03  1.1235E-05  1.1846E-05  1.8241E-02
     6  6.0165E-01  1.9639E-03  1.9146E-05  3.4404E-05  2.3779E-02
     7  7.5580E-01  2.4671E-03  3.0122E-05  8.5147E-05  2.9779E-02
     8  9.2382E-01  3.0155E-03  4.4853E-05  1.8878E-04  3.6278E-02
     9  1.1070E+00  3.6133E-03  6.4166E-05  3.8626E-04  4.3312E-02
    10  1.3066E+00  4.2650E-03  8.9043E-05  7.4355E-04  5.0921E-02
    11  1.5242E+00  4.9752E-03  1.2065E-04  1.3642E-03  5.9146E-02
    12  1.7614E+00  5.7494E-03  1.6036E-04  2.4076E-03  6.8030E-02
    13  2.0199E+00  6.5933E-03  2.0982E-04  4.1144E-03  7.7617E-02
    14  2.3017E+00  7.5131E-03  2.7094E-04  6.8415E-03  8.7956E-02
    15  2.6088E+00  8.5157E-03  3.4598E-04  1.1108E-02  9.9092E-02
    16  2.9436E+00  9.6085E-03  4.3759E-04  1.7654E-02  1.1108E-01
    17  3.3085E+00  1.0800E-02  5.4887E-04  2.7506E-02  1.2396E-01
    18  3.7063E+00  1.2098E-02  6.8345E-04  4.2047E-02  1.3779E-01
    19  4.1399E+00  1.3513E-02  8.4554E-04  6.3075E-02  1.5261E-01
    20  4.6125E+00  1.5056E-02  1.0400E-03  9.2821E-02  1.6848E-01
    21  5.1276E+00  1.6737E-02  1.2725E-03  1.3393E-01  1.8544E-01
    22  5.6891E+00  1.8570E-02  1.5496E-03  1.8937E-01  2.0353E-01
    23  6.3011E+00  2.0568E-02  1.8787E-03  2.6234E-01  2.2279E-01
    24  6.9682E+00  2.2746E-02  2.2685E-03  3.5618E-01  2.4325E-01
    25  7.6953E+00  2.5119E-02  2.7286E-03  4.7433E-01  2.6495E-01
    26  8.4879E+00  2.7706E-02  3.2702E-03  6.2037E-01  2.8788E-01
    27  9.3518E+00  3.0526E-02  3.9058E-03  7.9811E-01  3.1207E-01
    28  1.0293E+01  3.3600E-02  4.6494E-03  1.0117E+00  3.3750E-01
    29  1.1320E+01  3.6950E-02  5.5168E-03  1.2656E+00  3.6415E-01
    30  1.2439E+01  4.0602E-02  6.5253E-03  1.5651E+00  3.9198E-01
    31  1.3658E+01  4.4583E-02  7.6941E-03  1.9155E+00  4.2093E-01
    32  1.4987E+01  4.8922E-02  9.0443E-03  2.3233E+00  4.5091E-01
    33  1.6436E+01  5.3651E-02  1.0599E-02  2.7950E+00  4.8183E-01
    34  1.8015E+01  5.8806E-02  1.2382E-02  3.3382E+00  5.1355E-01
    35  1.9737E+01  6.4425E-02  1.4420E-02  3.9605E+00  5.4592E-01
    36  2.1613E+01  7.0550E-02  1.6741E-02  4.6703E+00  5.7875E-01
    37  2.3658E+01  7.7226E-02  1.9372E-02  5.4764E+00  6.1184E-01
    38  2.5888E+01  8.4502E-02  2.2345E-02  6.3876E+00  6.4495E-01
    39  2.8318E+01  9.2434E-02  2.5689E-02  7.4131E+00  6.7784E-01
    40  3.0966E+01  1.0108E-01  2.9434E-02  8.5621E+00  7.1022E-01
    41  3.3853E+01  1.1050E-01  3.3609E-02  9.8437E+00  7.4183E-01
    42  3.7000E+01  1.2077E-01  3.8246E-02  1.1267E+01  7.7236E-01
    43  4.0430E+01  1.3197E-01  4.3370E-02  1.2840E+01  8.0155E-01
    44  4.4169E+01  1.4417E-01  4.9010E-02  1.4571E+01  8.2911E-01
    45  4.8244E+01  1.5748E-01  5.5192E-02  1.6468E+01  8.5482E-01
    46  5.2686E+01  1.7198E-01  6.1940E-02  1.8539E+01  8.7845E-01
    47  5.7527E+01  1.8778E-01  6.9280E-02  2.0792E+01  8.9985E-01
    48  6.2805E+01  2.0501E-01  7.7237E-02  2.3233E+01  9.1891E-01
    49  6.8557E+01  2.2378E-01  8.5841E-02  2.5873E+01  9.3558E-01
    50  7.4827E+01  2.4425E-01  9.5123E-02  2.8721E+01  9.4987E-01
    51  8.1662E+01  2.6656E-01  1.0512E-01  3.1788E+01  9.6186E-01
    52  8.9111E+01  2.9088E-01  1.1007E-01  3.3474E+01  9.7169E-01
    53  9.7231E+01  3.1738E-01  1.1007E-01  3.2762E+01  9.7954E-01
    54  1.0608E+02  3.4627E-01  1.1007E-01  3.0482E+01  9.8564E-01
    55  1.1573E+02  3.7776E-01  1.1007E-01  2.8361E+01  9.9024E-01
    56  1.2623E+02  4.1203E-01  1.1007E-01  2.6392E+01  9.9358E-01
    57  1.3738E+02  4.4843E-01  1.1007E-01  2.4602E+01  9.9589E-01
    58  1.4874E+02  4.8553E-01  1.1007E-01  2.3029E+01  9.9739E-01
    59  1.6011E+02  5.2264E-01  1.1007E-01  2.1662E+01  9.9835E-01
    60  1.7148E+02  5.5974E-01  1.1007E-01  2.0462E+01  9.9895E-01
    61  1.8285E+02  5.9685E-01  1.1007E-01  1.9400E+01  9.9933E-01
    62  1.9421E+02  6.3396E-01  1.1007E-01  1.8453E+01  9.9958E-01
    63  2.0558E+02  6.7106E-01  1.1007E-01  1.7602E+01  9.9973E-01
    64  2.1695E+02  7.0817E-01  1.1007E-01  1.6833E+01  9.9983E-01
    65  2.2832E+02  7.4527E-01  1.1007E-01  1.6135E+01  9.9989E-01
    66  2.3969E+02  7.8238E-01  1.1007E-01  1.5498E+01  9.9993E-01
    67  2.5105E+02  8.1949E-01  1.1007E-01  1.4914E+01  9.9995E-01
    68  2.6242E+02  8.5659E-01  1.1007E-01  1.4376E+01  9.9995E-01
    69  2.7379E+02  8.9370E-01  1.1007E-01  1.3879E+01  9.9995E-01
    70  2.8516E+02  9.3080E-01  1.1007E-01  1.3419E+01  9.9995E-01
    71  2.9652E+02  9.6791E-01  1.1007E-01  1.2991E+01  9.9995E-01
    72  3.0789E+02  1.0050E+00  1.1007E-01  1.2592E+01  9.9995E-01
    73  3.1926E+02  1.0421E+00  1.1007E-01  9.1501E+00  9.9995E-01
    74  3.3063E+02  1.0792E+00  1.1007E-01  2.9503E+00  9.9995E-01
    75  3.4199E+02  1.1163E+00  1.1007E-01  0.0000E+00  9.9995E-01
    76  3.5336E+02  1.1534E+00  1.1007E-01  0.0000E+00  9.9995E-01
    77  3.6473E+02  1.1905E+00  1.1007E-01  0.0000E+00  9.9995E-01
    78  3.7610E+02  1.2277E+00  1.1007E-01  0.0000E+00  9.9995E-01
    79  3.8746E+02  1.2648E+00  1.1007E-01  0.0000E+00  9.9995E-01
    80  3.9883E+02  1.3019E+00  1.1007E-01  0.0000E+00  9.9995E-01
    81  4.1020E+02  1.3390E+00  1.1007E-01  0.0000E+00  9.9995E-01
    82  4.2441E+02  1.3854E+00  1.1007E-01  0.0000E+00  9.9995E-01
