   s200_5.dat, turb ml, flat plate, Ts(x)                                  
   scaling factor for x/s, s=  1.0000E+00
   constant props, csubp =  2140.00 htc based on (ts-tinf)
        intg  x/s            htc         uinf        st
           5  5.3801819E-03  3.0177E+04  1.5000E+01  1.1984E-03
          50  5.4656449E-03  3.0195E+04  1.5000E+01  1.1991E-03
         100  5.5609031E-03  3.0196E+04  1.5000E+01  1.1991E-03
         150  5.6565034E-03  3.0196E+04  1.5000E+01  1.1991E-03
         200  5.7524587E-03  3.0194E+04  1.5000E+01  1.1990E-03
         250  5.8487747E-03  3.0190E+04  1.5000E+01  1.1988E-03
         300  5.9454524E-03  3.0183E+04  1.5000E+01  1.1986E-03
         350  6.0424907E-03  3.0175E+04  1.5000E+01  1.1983E-03
         400  6.1398869E-03  3.0166E+04  1.5000E+01  1.1979E-03
         450  6.2376380E-03  3.0156E+04  1.5000E+01  1.1975E-03
         500  6.3357731E-03  3.0146E+04  1.5000E+01  1.1971E-03
         550  6.4343062E-03  3.0137E+04  1.5000E+01  1.1967E-03
         600  6.5332302E-03  3.0128E+04  1.5000E+01  1.1964E-03
         650  6.6325388E-03  3.0120E+04  1.5000E+01  1.1961E-03
         700  6.7322265E-03  3.0113E+04  1.5000E+01  1.1958E-03
         750  6.8322881E-03  3.0106E+04  1.5000E+01  1.1955E-03
         800  6.9327188E-03  3.0100E+04  1.5000E+01  1.1953E-03
         850  7.0335144E-03  3.0094E+04  1.5000E+01  1.1950E-03
         900  7.1346710E-03  3.0088E+04  1.5000E+01  1.1948E-03
         950  7.2361846E-03  3.0083E+04  1.5000E+01  1.1946E-03
        1000  7.3380521E-03  3.0078E+04  1.5000E+01  1.1944E-03
        1050  7.4402789E-03  3.0073E+04  1.5000E+01  1.1942E-03
        1100  7.5429013E-03  3.0069E+04  1.5000E+01  1.1940E-03
        1150  7.6459190E-03  3.0064E+04  1.5000E+01  1.1939E-03
        1200  7.7493272E-03  3.0060E+04  1.5000E+01  1.1937E-03
        1250  7.8531213E-03  3.0056E+04  1.5000E+01  1.1935E-03
        1300  7.9572972E-03  3.0051E+04  1.5000E+01  1.1933E-03
        1350  8.0618512E-03  3.0047E+04  1.5000E+01  1.1932E-03
        1400  8.1667795E-03  3.0043E+04  1.5000E+01  1.1930E-03
        1450  8.2720789E-03  3.0038E+04  1.5000E+01  1.1928E-03
        1500  8.3777461E-03  3.0034E+04  1.5000E+01  1.1926E-03
        1550  8.4837782E-03  3.0029E+04  1.5000E+01  1.1925E-03
        1600  8.5901726E-03  3.0025E+04  1.5000E+01  1.1923E-03
        1650  8.6969588E-03  3.0020E+04  1.5000E+01  1.1921E-03
        1700  8.8041545E-03  3.0015E+04  1.5000E+01  1.1919E-03
        1750  8.9117554E-03  3.0010E+04  1.5000E+01  1.1917E-03
        1800  9.0197571E-03  3.0004E+04  1.5000E+01  1.1915E-03
        1850  9.1281557E-03  2.9999E+04  1.5000E+01  1.1913E-03
        1900  9.2369479E-03  2.9994E+04  1.5000E+01  1.1910E-03
        1950  9.3461307E-03  2.9988E+04  1.5000E+01  1.1908E-03
        2000  9.4557015E-03  2.9982E+04  1.5000E+01  1.1906E-03
        2050  9.5656586E-03  2.9977E+04  1.5000E+01  1.1904E-03
        2100  9.6760008E-03  2.9971E+04  1.5000E+01  1.1901E-03
        2150  9.7867275E-03  2.9965E+04  1.5000E+01  1.1899E-03
        2200  9.8978389E-03  2.9959E+04  1.5000E+01  1.1897E-03
        2250  1.0009340E-02  2.9953E+04  1.5000E+01  1.1894E-03
        2300  1.0121256E-02  2.9946E+04  1.5000E+01  1.1892E-03
        2350  1.0233591E-02  2.9940E+04  1.5000E+01  1.1889E-03
        2400  1.0346342E-02  2.9934E+04  1.5000E+01  1.1887E-03
        2450  1.0459509E-02  2.9927E+04  1.5000E+01  1.1884E-03
        2500  1.0573091E-02  2.9921E+04  1.5000E+01  1.1882E-03
        2550  1.0687089E-02  2.9914E+04  1.5000E+01  1.1879E-03
        2600  1.0801503E-02  2.9907E+04  1.5000E+01  1.1876E-03
        2650  1.0916333E-02  2.9900E+04  1.5000E+01  1.1874E-03
        2700  1.1031581E-02  2.9894E+04  1.5000E+01  1.1871E-03
        2750  1.1147247E-02  2.9887E+04  1.5000E+01  1.1868E-03
        2800  1.1263333E-02  2.9880E+04  1.5000E+01  1.1865E-03
        2850  1.1379839E-02  2.9873E+04  1.5000E+01  1.1863E-03
        2900  1.1496768E-02  2.9866E+04  1.5000E+01  1.1860E-03
        2950  1.1614119E-02  2.9858E+04  1.5000E+01  1.1857E-03
        3000  1.1731896E-02  2.9851E+04  1.5000E+01  1.1854E-03
        3050  1.1850098E-02  2.9844E+04  1.5000E+01  1.1851E-03
        3100  1.1968728E-02  2.9837E+04  1.5000E+01  1.1848E-03
        3150  1.2087787E-02  2.9829E+04  1.5000E+01  1.1845E-03
        3200  1.2207277E-02  2.9822E+04  1.5000E+01  1.1842E-03
        3250  1.2327198E-02  2.9814E+04  1.5000E+01  1.1839E-03
        3300  1.2447552E-02  2.9806E+04  1.5000E+01  1.1836E-03
        3350  1.2568341E-02  2.9799E+04  1.5000E+01  1.1833E-03
        3400  1.2689567E-02  2.9791E+04  1.5000E+01  1.1830E-03
        3450  1.2811230E-02  2.9783E+04  1.5000E+01  1.1827E-03
        3500  1.2933333E-02  2.9775E+04  1.5000E+01  1.1824E-03
        3550  1.3055876E-02  2.9767E+04  1.5000E+01  1.1821E-03
        3600  1.3178861E-02  2.9759E+04  1.5000E+01  1.1817E-03
        3650  1.3302290E-02  2.9751E+04  1.5000E+01  1.1814E-03
        3700  1.3426165E-02  2.9743E+04  1.5000E+01  1.1811E-03
        3750  1.3550486E-02  2.9734E+04  1.5000E+01  1.1808E-03
        3800  1.3675255E-02  2.9726E+04  1.5000E+01  1.1804E-03
        3850  1.3800474E-02  2.9717E+04  1.5000E+01  1.1801E-03
        3900  1.3926144E-02  2.9709E+04  1.5000E+01  1.1797E-03
        3950  1.4052266E-02  2.9700E+04  1.5000E+01  1.1794E-03
        4000  1.4178843E-02  2.9692E+04  1.5000E+01  1.1791E-03
        4050  1.4305876E-02  2.9683E+04  1.5000E+01  1.1787E-03
        4100  1.4433365E-02  2.9674E+04  1.5000E+01  1.1784E-03
        4150  1.4561313E-02  2.9666E+04  1.5000E+01  1.1780E-03
        4200  1.4689722E-02  2.9657E+04  1.5000E+01  1.1777E-03
        4250  1.4818592E-02  2.9648E+04  1.5000E+01  1.1773E-03
        4300  1.4947925E-02  2.9639E+04  1.5000E+01  1.1770E-03
        4350  1.5077722E-02  2.9630E+04  1.5000E+01  1.1766E-03
        4400  1.5207986E-02  2.9621E+04  1.5000E+01  1.1763E-03
        4450  1.5338718E-02  2.9612E+04  1.5000E+01  1.1759E-03
        4500  1.5469918E-02  2.9603E+04  1.5000E+01  1.1755E-03
        4550  1.5601589E-02  2.9593E+04  1.5000E+01  1.1752E-03
        4600  1.5733733E-02  2.9584E+04  1.5000E+01  1.1748E-03
        4650  1.5866350E-02  2.9575E+04  1.5000E+01  1.1744E-03
        4700  1.5999442E-02  2.9565E+04  1.5000E+01  1.1740E-03
        4750  1.6133010E-02  2.9556E+04  1.5000E+01  1.1737E-03
        4800  1.6267057E-02  2.9547E+04  1.5000E+01  1.1733E-03
        4850  1.6401583E-02  2.9537E+04  1.5000E+01  1.1729E-03
        4900  1.6536591E-02  2.9527E+04  1.5000E+01  1.1725E-03
        4950  1.6672081E-02  2.9518E+04  1.5000E+01  1.1722E-03
        5000  1.6808055E-02  2.9508E+04  1.5000E+01  1.1718E-03
        5050  1.6944514E-02  2.9498E+04  1.5000E+01  1.1714E-03
        5100  1.7081461E-02  2.9489E+04  1.5000E+01  1.1710E-03
        5150  1.7218897E-02  2.9479E+04  1.5000E+01  1.1706E-03
        5200  1.7356823E-02  2.9469E+04  1.5000E+01  1.1702E-03
        5250  1.7495240E-02  2.9459E+04  1.5000E+01  1.1698E-03
        5300  1.7634150E-02  2.9449E+04  1.5000E+01  1.1694E-03
        5350  1.7773556E-02  2.9439E+04  1.5000E+01  1.1690E-03
        5400  1.7913457E-02  2.9429E+04  1.5000E+01  1.1686E-03
        5450  1.8053856E-02  2.9419E+04  1.5000E+01  1.1682E-03
        5500  1.8194754E-02  2.9409E+04  1.5000E+01  1.1678E-03
        5550  1.8336153E-02  2.9399E+04  1.5000E+01  1.1674E-03
        5600  1.8478055E-02  2.9389E+04  1.5000E+01  1.1670E-03
        5650  1.8620460E-02  2.9379E+04  1.5000E+01  1.1666E-03
        5700  1.8763370E-02  2.9368E+04  1.5000E+01  1.1662E-03
        5750  1.8906787E-02  2.9358E+04  1.5000E+01  1.1658E-03
        5800  1.9050713E-02  2.9348E+04  1.5000E+01  1.1654E-03
        5850  1.9195148E-02  2.9337E+04  1.5000E+01  1.1650E-03
        5900  1.9340095E-02  2.9327E+04  1.5000E+01  1.1646E-03
        5950  1.9485554E-02  2.9317E+04  1.5000E+01  1.1642E-03
        6000  1.9631528E-02  2.9306E+04  1.5000E+01  1.1638E-03
        6050  1.9778018E-02  2.9296E+04  1.5000E+01  1.1633E-03
        6100  1.9925026E-02  2.9285E+04  1.5000E+01  1.1629E-03
        6150  2.0072552E-02  2.9275E+04  1.5000E+01  1.1625E-03
        6200  2.0220599E-02  2.9264E+04  1.5000E+01  1.1621E-03
        6250  2.0369168E-02  2.9254E+04  1.5000E+01  1.1617E-03
        6300  2.0518261E-02  2.9243E+04  1.5000E+01  1.1612E-03
        6350  2.0667878E-02  2.9232E+04  1.5000E+01  1.1608E-03
        6400  2.0818023E-02  2.9221E+04  1.5000E+01  1.1604E-03
        6450  2.0968696E-02  2.9211E+04  1.5000E+01  1.1600E-03
        6500  2.1119898E-02  2.9200E+04  1.5000E+01  1.1595E-03
        6550  2.1271632E-02  2.9189E+04  1.5000E+01  1.1591E-03
        6600  2.1423898E-02  2.9178E+04  1.5000E+01  1.1587E-03
        6650  2.1576699E-02  2.9168E+04  1.5000E+01  1.1583E-03
        6700  2.1730036E-02  2.9157E+04  1.5000E+01  1.1578E-03
        6750  2.1883910E-02  2.9146E+04  1.5000E+01  1.1574E-03
        6800  2.2038323E-02  2.9135E+04  1.5000E+01  1.1570E-03
        6850  2.2193277E-02  2.9124E+04  1.5000E+01  1.1565E-03
        6900  2.2348773E-02  2.9113E+04  1.5000E+01  1.1561E-03
        6950  2.2504812E-02  2.9102E+04  1.5000E+01  1.1556E-03
        7000  2.2661397E-02  2.9091E+04  1.5000E+01  1.1552E-03
        7050  2.2818529E-02  2.9080E+04  1.5000E+01  1.1548E-03
        7100  2.2976209E-02  2.9069E+04  1.5000E+01  1.1543E-03
        7150  2.3134438E-02  2.9058E+04  1.5000E+01  1.1539E-03
        7200  2.3293219E-02  2.9047E+04  1.5000E+01  1.1534E-03
        7250  2.3452554E-02  2.9036E+04  1.5000E+01  1.1530E-03
        7300  2.3612442E-02  2.9024E+04  1.5000E+01  1.1526E-03
        7350  2.3772887E-02  2.9013E+04  1.5000E+01  1.1521E-03
        7400  2.3933890E-02  2.9002E+04  1.5000E+01  1.1517E-03
        7450  2.4095452E-02  2.8991E+04  1.5000E+01  1.1512E-03
        7500  2.4257574E-02  2.8980E+04  1.5000E+01  1.1508E-03
        7550  2.4420259E-02  2.8968E+04  1.5000E+01  1.1503E-03
        7600  2.4583508E-02  2.8957E+04  1.5000E+01  1.1499E-03
        7650  2.4747323E-02  2.8946E+04  1.5000E+01  1.1494E-03
        7700  2.4911705E-02  2.8934E+04  1.5000E+01  1.1490E-03
        7750  2.5076655E-02  2.8923E+04  1.5000E+01  1.1485E-03
        7800  2.5242176E-02  2.8912E+04  1.5000E+01  1.1481E-03
        7850  2.5408269E-02  2.8900E+04  1.5000E+01  1.1476E-03
        7900  2.5574935E-02  2.8889E+04  1.5000E+01  1.1472E-03
        7950  2.5742176E-02  2.8877E+04  1.5000E+01  1.1467E-03
        8000  2.5909994E-02  2.8866E+04  1.5000E+01  1.1463E-03
        8050  2.6078390E-02  2.8855E+04  1.5000E+01  1.1458E-03
        8100  2.6247365E-02  2.8843E+04  1.5000E+01  1.1454E-03
        8150  2.6416922E-02  2.8832E+04  1.5000E+01  1.1449E-03
        8200  2.6587063E-02  2.8820E+04  1.5000E+01  1.1444E-03
        8250  2.6757787E-02  2.8809E+04  1.5000E+01  1.1440E-03
        8300  2.6929098E-02  2.8797E+04  1.5000E+01  1.1435E-03
        8350  2.7100997E-02  2.8785E+04  1.5000E+01  1.1431E-03
        8400  2.7273485E-02  2.8774E+04  1.5000E+01  1.1426E-03
        8450  2.7446565E-02  2.8762E+04  1.5000E+01  1.1422E-03
        8500  2.7620236E-02  2.8751E+04  1.5000E+01  1.1417E-03
        8550  2.7794502E-02  2.8739E+04  1.5000E+01  1.1412E-03
        8600  2.7969364E-02  2.8727E+04  1.5000E+01  1.1408E-03
        8650  2.8144823E-02  2.8716E+04  1.5000E+01  1.1403E-03
        8700  2.8320882E-02  2.8704E+04  1.5000E+01  1.1398E-03
        8750  2.8497541E-02  2.8692E+04  1.5000E+01  1.1394E-03
        8800  2.8674802E-02  2.8681E+04  1.5000E+01  1.1389E-03
        8850  2.8852667E-02  2.8669E+04  1.5000E+01  1.1385E-03
        8900  2.9031138E-02  2.8657E+04  1.5000E+01  1.1380E-03
        8950  2.9210216E-02  2.8646E+04  1.5000E+01  1.1375E-03
        9000  2.9389903E-02  2.8634E+04  1.5000E+01  1.1371E-03
        9050  2.9570200E-02  2.8622E+04  1.5000E+01  1.1366E-03
        9100  2.9751109E-02  2.8610E+04  1.5000E+01  1.1361E-03
        9150  2.9932632E-02  2.8599E+04  1.5000E+01  1.1357E-03
        9200  3.0114770E-02  2.8587E+04  1.5000E+01  1.1352E-03
        9250  3.0297525E-02  2.8575E+04  1.5000E+01  1.1347E-03
        9300  3.0480899E-02  2.8563E+04  1.5000E+01  1.1343E-03
        9350  3.0664893E-02  2.8551E+04  1.5000E+01  1.1338E-03
        9400  3.0849509E-02  2.8540E+04  1.5000E+01  1.1333E-03
        9450  3.1034749E-02  2.8528E+04  1.5000E+01  1.1328E-03
        9500  3.1220613E-02  2.8516E+04  1.5000E+01  1.1324E-03
        9550  3.1407105E-02  2.8504E+04  1.5000E+01  1.1319E-03
        9600  3.1594225E-02  2.8492E+04  1.5000E+01  1.1314E-03
        9650  3.1781975E-02  2.8480E+04  1.5000E+01  1.1310E-03
        9700  3.1970357E-02  2.8468E+04  1.5000E+01  1.1305E-03
        9750  3.2159372E-02  2.8456E+04  1.5000E+01  1.1300E-03
        9800  3.2349023E-02  2.8445E+04  1.5000E+01  1.1295E-03
        9850  3.2539310E-02  2.8433E+04  1.5000E+01  1.1291E-03
        9900  3.2730236E-02  2.8421E+04  1.5000E+01  1.1286E-03
        9950  3.2921802E-02  2.8409E+04  1.5000E+01  1.1281E-03
       10000  3.3114010E-02  2.8397E+04  1.5000E+01  1.1276E-03
       10050  3.3306861E-02  2.8385E+04  1.5000E+01  1.1272E-03
       10100  3.3500358E-02  2.8373E+04  1.5000E+01  1.1267E-03
       10150  3.3694501E-02  2.8361E+04  1.5000E+01  1.1262E-03
       10200  3.3889293E-02  2.8349E+04  1.5000E+01  1.1257E-03
       10250  3.4084735E-02  2.8337E+04  1.5000E+01  1.1253E-03
       10300  3.4280829E-02  2.8325E+04  1.5000E+01  1.1248E-03
       10350  3.4477576E-02  2.8313E+04  1.5000E+01  1.1243E-03
       10400  3.4674979E-02  2.8301E+04  1.5000E+01  1.1238E-03
       10450  3.4873039E-02  2.8289E+04  1.5000E+01  1.1234E-03
       10500  3.5071757E-02  2.8277E+04  1.5000E+01  1.1229E-03
       10550  3.5271136E-02  2.8265E+04  1.5000E+01  1.1224E-03
       10600  3.5471177E-02  2.8253E+04  1.5000E+01  1.1219E-03
       10650  3.5671881E-02  2.8241E+04  1.5000E+01  1.1214E-03
       10700  3.5873251E-02  2.8229E+04  1.5000E+01  1.1210E-03
       10750  3.6075289E-02  2.8217E+04  1.5000E+01  1.1205E-03
       10800  3.6277995E-02  2.8205E+04  1.5000E+01  1.1200E-03
       10850  3.6481372E-02  2.8192E+04  1.5000E+01  1.1195E-03
       10900  3.6685421E-02  2.8180E+04  1.5000E+01  1.1190E-03
       10950  3.6890144E-02  2.8168E+04  1.5000E+01  1.1186E-03
       11000  3.7095543E-02  2.8156E+04  1.5000E+01  1.1181E-03
       11050  3.7301619E-02  2.8144E+04  1.5000E+01  1.1176E-03
       11100  3.7508375E-02  2.8132E+04  1.5000E+01  1.1171E-03
       11150  3.7715812E-02  2.8120E+04  1.5000E+01  1.1166E-03
       11200  3.7923931E-02  2.8108E+04  1.5000E+01  1.1162E-03
       11250  3.8132735E-02  2.8095E+04  1.5000E+01  1.1157E-03
       11300  3.8342225E-02  2.8083E+04  1.5000E+01  1.1152E-03
       11350  3.8552403E-02  2.8071E+04  1.5000E+01  1.1147E-03
       11400  3.8763271E-02  2.8059E+04  1.5000E+01  1.1142E-03
       11450  3.8974830E-02  2.8047E+04  1.5000E+01  1.1137E-03
       11500  3.9187082E-02  2.8034E+04  1.5000E+01  1.1132E-03
       11550  3.9400029E-02  2.8022E+04  1.5000E+01  1.1128E-03
       11600  3.9613672E-02  2.8010E+04  1.5000E+01  1.1123E-03
       11650  3.9828014E-02  2.7998E+04  1.5000E+01  1.1118E-03
       11700  4.0043057E-02  2.7985E+04  1.5000E+01  1.1113E-03
       11750  4.0258801E-02  2.7973E+04  1.5000E+01  1.1108E-03
       11800  4.0475249E-02  2.7961E+04  1.5000E+01  1.1103E-03
       11850  4.0692402E-02  2.7949E+04  1.5000E+01  1.1098E-03
       11900  4.0910263E-02  2.7936E+04  1.5000E+01  1.1094E-03
       11950  4.1128832E-02  2.7924E+04  1.5000E+01  1.1089E-03
       12000  4.1348112E-02  2.7912E+04  1.5000E+01  1.1084E-03
       12050  4.1568105E-02  2.7900E+04  1.5000E+01  1.1079E-03
       12100  4.1788813E-02  2.7887E+04  1.5000E+01  1.1074E-03
       12150  4.2010236E-02  2.7875E+04  1.5000E+01  1.1069E-03
       12200  4.2232377E-02  2.7863E+04  1.5000E+01  1.1064E-03
       12250  4.2455238E-02  2.7851E+04  1.5000E+01  1.1060E-03
       12300  4.2678820E-02  2.7838E+04  1.5000E+01  1.1055E-03
       12350  4.2903126E-02  2.7826E+04  1.5000E+01  1.1050E-03
       12400  4.3128156E-02  2.7814E+04  1.5000E+01  1.1045E-03
       12450  4.3353914E-02  2.7801E+04  1.5000E+01  1.1040E-03
       12500  4.3580400E-02  2.7789E+04  1.5000E+01  1.1035E-03
       12550  4.3807616E-02  2.7777E+04  1.5000E+01  1.1030E-03
       12600  4.4035565E-02  2.7765E+04  1.5000E+01  1.1025E-03
       12650  4.4264248E-02  2.7752E+04  1.5000E+01  1.1021E-03
       12700  4.4493667E-02  2.7740E+04  1.5000E+01  1.1016E-03
       12750  4.4723823E-02  2.7728E+04  1.5000E+01  1.1011E-03
       12800  4.4954719E-02  2.7715E+04  1.5000E+01  1.1006E-03
       12850  4.5186356E-02  2.7703E+04  1.5000E+01  1.1001E-03
       12900  4.5418737E-02  2.7691E+04  1.5000E+01  1.0996E-03
       12950  4.5651862E-02  2.7679E+04  1.5000E+01  1.0991E-03
       13000  4.5885734E-02  2.7666E+04  1.5000E+01  1.0986E-03
       13050  4.6120355E-02  2.7654E+04  1.5000E+01  1.0981E-03
       13100  4.6355726E-02  2.7642E+04  1.5000E+01  1.0977E-03
       13150  4.6591850E-02  2.7629E+04  1.5000E+01  1.0972E-03
       13200  4.6828727E-02  2.7617E+04  1.5000E+01  1.0967E-03
       13250  4.7066361E-02  2.7605E+04  1.5000E+01  1.0962E-03
       13300  4.7304752E-02  2.7592E+04  1.5000E+01  1.0957E-03
       13350  4.7543903E-02  2.7580E+04  1.5000E+01  1.0952E-03
       13400  4.7783816E-02  2.7568E+04  1.5000E+01  1.0947E-03
       13450  4.8024492E-02  2.7556E+04  1.5000E+01  1.0942E-03
       13500  4.8265933E-02  2.7543E+04  1.5000E+01  1.0937E-03
       13550  4.8508142E-02  2.7531E+04  1.5000E+01  1.0933E-03
       13600  4.8751119E-02  2.7519E+04  1.5000E+01  1.0928E-03
       13650  4.8994867E-02  2.7506E+04  1.5000E+01  1.0923E-03
       13700  4.9239388E-02  2.7494E+04  1.5000E+01  1.0918E-03
       13750  4.9484683E-02  2.7482E+04  1.5000E+01  1.0913E-03
       13800  4.9730755E-02  2.7469E+04  1.5000E+01  1.0908E-03
       13850  4.9977604E-02  2.7457E+04  1.5000E+01  1.0903E-03
       13900  5.0225235E-02  2.7445E+04  1.5000E+01  1.0898E-03
       13950  5.0473647E-02  2.7433E+04  1.5000E+01  1.0894E-03
       14000  5.0722843E-02  2.7420E+04  1.5000E+01  1.0889E-03
       14050  5.0972825E-02  2.7408E+04  1.5000E+01  1.0884E-03
       14100  5.1223595E-02  2.7396E+04  1.5000E+01  1.0879E-03
       14150  5.1475154E-02  2.7383E+04  1.5000E+01  1.0874E-03
       14200  5.1727505E-02  2.7371E+04  1.5000E+01  1.0869E-03
       14250  5.1980649E-02  2.7359E+04  1.5000E+01  1.0864E-03
       14300  5.2234588E-02  2.7346E+04  1.5000E+01  1.0859E-03
       14350  5.2489325E-02  2.7334E+04  1.5000E+01  1.0854E-03
       14400  5.2744861E-02  2.7322E+04  1.5000E+01  1.0850E-03
       14450  5.3001198E-02  2.7310E+04  1.5000E+01  1.0845E-03
       14500  5.3258338E-02  2.7297E+04  1.5000E+01  1.0840E-03
       14550  5.3516282E-02  2.7285E+04  1.5000E+01  1.0835E-03
       14600  5.3775034E-02  2.7273E+04  1.5000E+01  1.0830E-03
       14650  5.4034594E-02  2.7260E+04  1.5000E+01  1.0825E-03
       14700  5.4294964E-02  2.7248E+04  1.5000E+01  1.0820E-03
       14750  5.4556148E-02  2.7236E+04  1.5000E+01  1.0815E-03
       14800  5.4818146E-02  2.7224E+04  1.5000E+01  1.0811E-03
       14850  5.5080960E-02  2.7211E+04  1.5000E+01  1.0806E-03
       14900  5.5344592E-02  2.7199E+04  1.5000E+01  1.0801E-03
       14950  5.5609045E-02  2.7187E+04  1.5000E+01  1.0796E-03
       15000  5.5874320E-02  2.7175E+04  1.5000E+01  1.0791E-03
       15050  5.6140420E-02  2.7162E+04  1.5000E+01  1.0786E-03
       15100  5.6407345E-02  2.7150E+04  1.5000E+01  1.0781E-03
       15150  5.6675099E-02  2.7138E+04  1.5000E+01  1.0776E-03
       15200  5.6943683E-02  2.7126E+04  1.5000E+01  1.0772E-03
       15250  5.7213098E-02  2.7113E+04  1.5000E+01  1.0767E-03
       15300  5.7483348E-02  2.7101E+04  1.5000E+01  1.0762E-03
       15350  5.7754433E-02  2.7089E+04  1.5000E+01  1.0757E-03
       15400  5.8026357E-02  2.7077E+04  1.5000E+01  1.0752E-03
       15450  5.8299120E-02  2.7064E+04  1.5000E+01  1.0747E-03
       15500  5.8572725E-02  2.7052E+04  1.5000E+01  1.0742E-03
       15550  5.8847175E-02  2.7040E+04  1.5000E+01  1.0738E-03
       15600  5.9122469E-02  2.7028E+04  1.5000E+01  1.0733E-03
       15650  5.9398612E-02  2.7016E+04  1.5000E+01  1.0728E-03
       15700  5.9675605E-02  2.7003E+04  1.5000E+01  1.0723E-03
       15750  5.9953449E-02  2.6991E+04  1.5000E+01  1.0718E-03
       15800  6.0232147E-02  2.6979E+04  1.5000E+01  1.0713E-03
       15850  6.0511701E-02  2.6967E+04  1.5000E+01  1.0709E-03
       15900  6.0792112E-02  2.6954E+04  1.5000E+01  1.0704E-03
       15950  6.1073383E-02  2.6942E+04  1.5000E+01  1.0699E-03
       16000  6.1355516E-02  2.6930E+04  1.5000E+01  1.0694E-03
       16050  6.1638513E-02  2.6918E+04  1.5000E+01  1.0689E-03
       16100  6.1922376E-02  2.6906E+04  1.5000E+01  1.0684E-03
       16150  6.2207106E-02  2.6894E+04  1.5000E+01  1.0679E-03
       16200  6.2492707E-02  2.6881E+04  1.5000E+01  1.0675E-03
       16250  6.2779179E-02  2.6869E+04  1.5000E+01  1.0670E-03
       16300  6.3066525E-02  2.6857E+04  1.5000E+01  1.0665E-03
       16350  6.3354747E-02  2.6845E+04  1.5000E+01  1.0660E-03
       16400  6.3643847E-02  2.6833E+04  1.5000E+01  1.0655E-03
       16450  6.3933827E-02  2.6820E+04  1.5000E+01  1.0650E-03
       16500  6.4224688E-02  2.6808E+04  1.5000E+01  1.0646E-03
       16550  6.4516434E-02  2.6796E+04  1.5000E+01  1.0641E-03
       16600  6.4809066E-02  2.6784E+04  1.5000E+01  1.0636E-03
       16650  6.5102586E-02  2.6772E+04  1.5000E+01  1.0631E-03
       16700  6.5396997E-02  2.6760E+04  1.5000E+01  1.0626E-03
       16750  6.5692299E-02  2.6748E+04  1.5000E+01  1.0622E-03
       16800  6.5988496E-02  2.6735E+04  1.5000E+01  1.0617E-03
       16850  6.6285589E-02  2.6723E+04  1.5000E+01  1.0612E-03
       16900  6.6583581E-02  2.6711E+04  1.5000E+01  1.0607E-03
       16950  6.6882473E-02  2.6699E+04  1.5000E+01  1.0602E-03
       17000  6.7182268E-02  2.6687E+04  1.5000E+01  1.0597E-03
       17050  6.7482967E-02  2.6675E+04  1.5000E+01  1.0593E-03
       17100  6.7784573E-02  2.6663E+04  1.5000E+01  1.0588E-03
       17150  6.8087088E-02  2.6651E+04  1.5000E+01  1.0583E-03
       17200  6.8390514E-02  2.6639E+04  1.5000E+01  1.0578E-03
       17250  6.8694852E-02  2.6627E+04  1.5000E+01  1.0573E-03
       17300  6.9000106E-02  2.6614E+04  1.5000E+01  1.0569E-03
       17350  6.9306277E-02  2.6602E+04  1.5000E+01  1.0564E-03
       17400  6.9613369E-02  2.6590E+04  1.5000E+01  1.0559E-03
       17450  6.9921383E-02  2.6578E+04  1.5000E+01  1.0554E-03
       17500  7.0230323E-02  2.6566E+04  1.5000E+01  1.0550E-03
       17550  7.0540191E-02  2.6554E+04  1.5000E+01  1.0545E-03
       17600  7.0850989E-02  2.6542E+04  1.5000E+01  1.0540E-03
       17650  7.1162721E-02  2.6530E+04  1.5000E+01  1.0535E-03
       17700  7.1475389E-02  2.6519E+04  1.5000E+01  1.0531E-03
       17750  7.1788995E-02  2.6507E+04  1.5000E+01  1.0526E-03
       17800  7.2103543E-02  2.6495E+04  1.5000E+01  1.0521E-03
       17850  7.2419035E-02  2.6483E+04  1.5000E+01  1.0517E-03
       17900  7.2735474E-02  2.6472E+04  1.5000E+01  1.0512E-03
       17950  7.3052862E-02  2.6460E+04  1.5000E+01  1.0507E-03
       18000  7.3371202E-02  2.6449E+04  1.5000E+01  1.0503E-03
       18050  7.3690497E-02  2.6437E+04  1.5000E+01  1.0498E-03
       18100  7.4010750E-02  2.6426E+04  1.5000E+01  1.0494E-03
       18150  7.4331963E-02  2.6414E+04  1.5000E+01  1.0489E-03
       18200  7.4654139E-02  2.6403E+04  1.5000E+01  1.0485E-03
       18250  7.4977280E-02  2.6392E+04  1.5000E+01  1.0480E-03
       18300  7.5301391E-02  2.6380E+04  1.5000E+01  1.0476E-03
       18350  7.5626472E-02  2.6369E+04  1.5000E+01  1.0471E-03
       18400  7.5952528E-02  2.6358E+04  1.5000E+01  1.0467E-03
       18450  7.6279560E-02  2.6347E+04  1.5000E+01  1.0462E-03
       18500  7.6607572E-02  2.6336E+04  1.5000E+01  1.0458E-03
       18550  7.6936567E-02  2.6325E+04  1.5000E+01  1.0454E-03
       18600  7.7266547E-02  2.6314E+04  1.5000E+01  1.0449E-03
       18650  7.7597514E-02  2.6303E+04  1.5000E+01  1.0445E-03
       18692  7.7875000E-02  2.6294E+04  1.5000E+01  1.0441E-03
