   s200_5.dat, turb ml, flat plate, Ts(x)                                  
   scaling factor for x/s, s=  1.0000E+00
   x/s            yl        uinf      del2      h12       del3
    5.3801819E-03 3.793E-04 1.500E+01 4.283E-05 1.389E+00 5.214E-05
    5.4656449E-03 3.804E-04 1.500E+01 4.300E-05 1.388E+00 5.224E-05
    5.5609031E-03 3.817E-04 1.500E+01 4.319E-05 1.388E+00 5.236E-05
    5.6565034E-03 3.831E-04 1.500E+01 4.339E-05 1.388E+00 5.247E-05
    5.7524587E-03 3.846E-04 1.500E+01 4.358E-05 1.387E+00 5.259E-05
    5.8487747E-03 3.860E-04 1.500E+01 4.378E-05 1.387E+00 5.270E-05
    5.9454524E-03 3.874E-04 1.500E+01 4.397E-05 1.387E+00 5.282E-05
    6.0424907E-03 3.889E-04 1.500E+01 4.417E-05 1.387E+00 5.294E-05
    6.1398869E-03 3.903E-04 1.500E+01 4.436E-05 1.387E+00 5.305E-05
    6.2376380E-03 3.918E-04 1.500E+01 4.456E-05 1.387E+00 5.317E-05
    6.3357731E-03 3.934E-04 1.500E+01 4.476E-05 1.387E+00 5.329E-05
    6.4343062E-03 3.949E-04 1.500E+01 4.496E-05 1.387E+00 5.341E-05
    6.5332302E-03 3.965E-04 1.500E+01 4.516E-05 1.387E+00 5.352E-05
    6.6325388E-03 3.980E-04 1.500E+01 4.536E-05 1.387E+00 5.364E-05
    6.7322265E-03 3.995E-04 1.500E+01 4.556E-05 1.387E+00 5.376E-05
    6.8322881E-03 4.010E-04 1.500E+01 4.576E-05 1.387E+00 5.388E-05
    6.9327188E-03 4.025E-04 1.500E+01 4.596E-05 1.387E+00 5.400E-05
    7.0335144E-03 4.039E-04 1.500E+01 4.617E-05 1.387E+00 5.412E-05
    7.1346710E-03 4.054E-04 1.500E+01 4.637E-05 1.387E+00 5.424E-05
    7.2361846E-03 4.068E-04 1.500E+01 4.657E-05 1.387E+00 5.436E-05
    7.3380521E-03 4.082E-04 1.500E+01 4.677E-05 1.387E+00 5.449E-05
    7.4402789E-03 4.097E-04 1.500E+01 4.698E-05 1.387E+00 5.461E-05
    7.5429013E-03 4.113E-04 1.500E+01 4.718E-05 1.387E+00 5.473E-05
    7.6459190E-03 4.129E-04 1.500E+01 4.739E-05 1.387E+00 5.485E-05
    7.7493272E-03 4.144E-04 1.500E+01 4.759E-05 1.387E+00 5.498E-05
    7.8531213E-03 4.160E-04 1.500E+01 4.780E-05 1.387E+00 5.510E-05
    7.9572972E-03 4.175E-04 1.500E+01 4.800E-05 1.387E+00 5.523E-05
    8.0618512E-03 4.190E-04 1.500E+01 4.821E-05 1.387E+00 5.535E-05
    8.1667795E-03 4.205E-04 1.500E+01 4.842E-05 1.388E+00 5.548E-05
    8.2720789E-03 4.219E-04 1.500E+01 4.863E-05 1.388E+00 5.560E-05
    8.3777461E-03 4.234E-04 1.500E+01 4.883E-05 1.388E+00 5.573E-05
    8.4837782E-03 4.249E-04 1.500E+01 4.904E-05 1.388E+00 5.585E-05
    8.5901726E-03 4.263E-04 1.500E+01 4.925E-05 1.388E+00 5.598E-05
    8.6969588E-03 4.280E-04 1.500E+01 4.946E-05 1.388E+00 5.611E-05
    8.8041545E-03 4.296E-04 1.500E+01 4.967E-05 1.388E+00 5.624E-05
    8.9117554E-03 4.312E-04 1.500E+01 4.988E-05 1.388E+00 5.636E-05
    9.0197571E-03 4.328E-04 1.500E+01 5.009E-05 1.388E+00 5.649E-05
    9.1281557E-03 4.344E-04 1.500E+01 5.030E-05 1.388E+00 5.662E-05
    9.2369479E-03 4.360E-04 1.500E+01 5.051E-05 1.388E+00 5.675E-05
    9.3461307E-03 4.375E-04 1.500E+01 5.072E-05 1.388E+00 5.688E-05
    9.4557015E-03 4.391E-04 1.500E+01 5.094E-05 1.388E+00 5.701E-05
    9.5656586E-03 4.406E-04 1.500E+01 5.115E-05 1.388E+00 5.714E-05
    9.6760008E-03 4.422E-04 1.500E+01 5.136E-05 1.388E+00 5.727E-05
    9.7867275E-03 4.437E-04 1.500E+01 5.158E-05 1.388E+00 5.741E-05
    9.8978389E-03 4.452E-04 1.500E+01 5.179E-05 1.388E+00 5.754E-05
    1.0009340E-02 4.468E-04 1.500E+01 5.201E-05 1.388E+00 5.767E-05
    1.0121256E-02 4.485E-04 1.500E+01 5.222E-05 1.388E+00 5.780E-05
    1.0233591E-02 4.502E-04 1.500E+01 5.244E-05 1.388E+00 5.794E-05
    1.0346342E-02 4.519E-04 1.500E+01 5.265E-05 1.388E+00 5.807E-05
    1.0459509E-02 4.535E-04 1.500E+01 5.287E-05 1.388E+00 5.821E-05
    1.0573091E-02 4.552E-04 1.500E+01 5.309E-05 1.388E+00 5.834E-05
    1.0687089E-02 4.568E-04 1.500E+01 5.330E-05 1.388E+00 5.848E-05
    1.0801503E-02 4.585E-04 1.500E+01 5.352E-05 1.388E+00 5.861E-05
    1.0916333E-02 4.602E-04 1.500E+01 5.374E-05 1.388E+00 5.875E-05
    1.1031581E-02 4.618E-04 1.500E+01 5.396E-05 1.388E+00 5.888E-05
    1.1147247E-02 4.635E-04 1.500E+01 5.418E-05 1.388E+00 5.902E-05
    1.1263333E-02 4.652E-04 1.500E+01 5.440E-05 1.388E+00 5.916E-05
    1.1379839E-02 4.669E-04 1.500E+01 5.462E-05 1.387E+00 5.930E-05
    1.1496768E-02 4.686E-04 1.500E+01 5.484E-05 1.387E+00 5.944E-05
    1.1614119E-02 4.703E-04 1.500E+01 5.506E-05 1.387E+00 5.958E-05
    1.1731896E-02 4.720E-04 1.500E+01 5.529E-05 1.387E+00 5.972E-05
    1.1850098E-02 4.737E-04 1.500E+01 5.551E-05 1.387E+00 5.986E-05
    1.1968728E-02 4.754E-04 1.500E+01 5.573E-05 1.387E+00 6.000E-05
    1.2087787E-02 4.771E-04 1.500E+01 5.596E-05 1.387E+00 6.014E-05
    1.2207277E-02 4.788E-04 1.500E+01 5.618E-05 1.387E+00 6.028E-05
    1.2327198E-02 4.806E-04 1.500E+01 5.641E-05 1.387E+00 6.042E-05
    1.2447552E-02 4.823E-04 1.500E+01 5.663E-05 1.387E+00 6.056E-05
    1.2568341E-02 4.840E-04 1.500E+01 5.686E-05 1.387E+00 6.071E-05
    1.2689567E-02 4.858E-04 1.500E+01 5.709E-05 1.387E+00 6.085E-05
    1.2811230E-02 4.875E-04 1.500E+01 5.731E-05 1.387E+00 6.099E-05
    1.2933333E-02 4.893E-04 1.500E+01 5.754E-05 1.387E+00 6.114E-05
    1.3055876E-02 4.911E-04 1.500E+01 5.777E-05 1.387E+00 6.128E-05
    1.3178861E-02 4.928E-04 1.500E+01 5.800E-05 1.387E+00 6.143E-05
    1.3302290E-02 4.946E-04 1.500E+01 5.823E-05 1.387E+00 6.157E-05
    1.3426165E-02 4.964E-04 1.500E+01 5.846E-05 1.386E+00 6.172E-05
    1.3550486E-02 4.982E-04 1.500E+01 5.869E-05 1.386E+00 6.187E-05
    1.3675255E-02 5.000E-04 1.500E+01 5.892E-05 1.386E+00 6.201E-05
    1.3800474E-02 5.018E-04 1.500E+01 5.915E-05 1.386E+00 6.216E-05
    1.3926144E-02 5.036E-04 1.500E+01 5.938E-05 1.386E+00 6.231E-05
    1.4052266E-02 5.054E-04 1.500E+01 5.961E-05 1.386E+00 6.246E-05
    1.4178843E-02 5.072E-04 1.500E+01 5.985E-05 1.386E+00 6.261E-05
    1.4305876E-02 5.091E-04 1.500E+01 6.008E-05 1.386E+00 6.276E-05
    1.4433365E-02 5.109E-04 1.500E+01 6.032E-05 1.386E+00 6.291E-05
    1.4561313E-02 5.127E-04 1.500E+01 6.055E-05 1.386E+00 6.306E-05
    1.4689722E-02 5.146E-04 1.500E+01 6.079E-05 1.386E+00 6.321E-05
    1.4818592E-02 5.164E-04 1.500E+01 6.102E-05 1.386E+00 6.336E-05
    1.4947925E-02 5.183E-04 1.500E+01 6.126E-05 1.385E+00 6.351E-05
    1.5077722E-02 5.201E-04 1.500E+01 6.150E-05 1.385E+00 6.367E-05
    1.5207986E-02 5.220E-04 1.500E+01 6.174E-05 1.385E+00 6.382E-05
    1.5338718E-02 5.239E-04 1.500E+01 6.197E-05 1.385E+00 6.397E-05
    1.5469918E-02 5.258E-04 1.500E+01 6.221E-05 1.385E+00 6.413E-05
    1.5601589E-02 5.276E-04 1.500E+01 6.245E-05 1.385E+00 6.428E-05
    1.5733733E-02 5.295E-04 1.500E+01 6.269E-05 1.385E+00 6.444E-05
    1.5866350E-02 5.314E-04 1.500E+01 6.293E-05 1.385E+00 6.459E-05
    1.5999442E-02 5.333E-04 1.500E+01 6.318E-05 1.385E+00 6.475E-05
    1.6133010E-02 5.352E-04 1.500E+01 6.342E-05 1.385E+00 6.491E-05
    1.6267057E-02 5.372E-04 1.500E+01 6.366E-05 1.385E+00 6.507E-05
    1.6401583E-02 5.391E-04 1.500E+01 6.390E-05 1.384E+00 6.522E-05
    1.6536591E-02 5.410E-04 1.500E+01 6.415E-05 1.384E+00 6.538E-05
    1.6672081E-02 5.429E-04 1.500E+01 6.439E-05 1.384E+00 6.554E-05
    1.6808055E-02 5.449E-04 1.500E+01 6.464E-05 1.384E+00 6.570E-05
    1.6944514E-02 5.468E-04 1.500E+01 6.488E-05 1.384E+00 6.586E-05
    1.7081461E-02 5.488E-04 1.500E+01 6.513E-05 1.384E+00 6.602E-05
    1.7218897E-02 5.507E-04 1.500E+01 6.538E-05 1.384E+00 6.618E-05
    1.7356823E-02 5.527E-04 1.500E+01 6.563E-05 1.384E+00 6.634E-05
    1.7495240E-02 5.547E-04 1.500E+01 6.587E-05 1.384E+00 6.650E-05
    1.7634150E-02 5.567E-04 1.500E+01 6.612E-05 1.384E+00 6.667E-05
    1.7773556E-02 5.586E-04 1.500E+01 6.637E-05 1.383E+00 6.683E-05
    1.7913457E-02 5.606E-04 1.500E+01 6.662E-05 1.383E+00 6.699E-05
    1.8053856E-02 5.626E-04 1.500E+01 6.687E-05 1.383E+00 6.716E-05
    1.8194754E-02 5.646E-04 1.500E+01 6.712E-05 1.383E+00 6.732E-05
    1.8336153E-02 5.666E-04 1.500E+01 6.738E-05 1.383E+00 6.749E-05
    1.8478055E-02 5.686E-04 1.500E+01 6.763E-05 1.383E+00 6.765E-05
    1.8620460E-02 5.706E-04 1.500E+01 6.788E-05 1.383E+00 6.782E-05
    1.8763370E-02 5.727E-04 1.500E+01 6.814E-05 1.383E+00 6.799E-05
    1.8906787E-02 5.747E-04 1.500E+01 6.839E-05 1.383E+00 6.815E-05
    1.9050713E-02 5.767E-04 1.500E+01 6.865E-05 1.382E+00 6.832E-05
    1.9195148E-02 5.788E-04 1.500E+01 6.890E-05 1.382E+00 6.849E-05
    1.9340095E-02 5.808E-04 1.500E+01 6.916E-05 1.382E+00 6.866E-05
    1.9485554E-02 5.829E-04 1.500E+01 6.942E-05 1.382E+00 6.883E-05
    1.9631528E-02 5.849E-04 1.500E+01 6.968E-05 1.382E+00 6.900E-05
    1.9778018E-02 5.870E-04 1.500E+01 6.993E-05 1.382E+00 6.917E-05
    1.9925026E-02 5.891E-04 1.500E+01 7.019E-05 1.382E+00 6.934E-05
    2.0072552E-02 5.912E-04 1.500E+01 7.045E-05 1.382E+00 6.951E-05
    2.0220599E-02 5.933E-04 1.500E+01 7.071E-05 1.382E+00 6.968E-05
    2.0369168E-02 5.953E-04 1.500E+01 7.098E-05 1.381E+00 6.985E-05
    2.0518261E-02 5.974E-04 1.500E+01 7.124E-05 1.381E+00 7.003E-05
    2.0667878E-02 5.995E-04 1.500E+01 7.150E-05 1.381E+00 7.020E-05
    2.0818023E-02 6.017E-04 1.500E+01 7.176E-05 1.381E+00 7.038E-05
    2.0968696E-02 6.038E-04 1.500E+01 7.203E-05 1.381E+00 7.055E-05
    2.1119898E-02 6.059E-04 1.500E+01 7.229E-05 1.381E+00 7.073E-05
    2.1271632E-02 6.080E-04 1.500E+01 7.256E-05 1.381E+00 7.090E-05
    2.1423898E-02 6.102E-04 1.500E+01 7.282E-05 1.381E+00 7.108E-05
    2.1576699E-02 6.123E-04 1.500E+01 7.309E-05 1.381E+00 7.126E-05
    2.1730036E-02 6.144E-04 1.500E+01 7.336E-05 1.380E+00 7.143E-05
    2.1883910E-02 6.166E-04 1.500E+01 7.362E-05 1.380E+00 7.161E-05
    2.2038323E-02 6.188E-04 1.500E+01 7.389E-05 1.380E+00 7.179E-05
    2.2193277E-02 6.209E-04 1.500E+01 7.416E-05 1.380E+00 7.197E-05
    2.2348773E-02 6.231E-04 1.500E+01 7.443E-05 1.380E+00 7.215E-05
    2.2504812E-02 6.253E-04 1.500E+01 7.470E-05 1.380E+00 7.233E-05
    2.2661397E-02 6.275E-04 1.500E+01 7.497E-05 1.380E+00 7.251E-05
    2.2818529E-02 6.296E-04 1.500E+01 7.525E-05 1.380E+00 7.269E-05
    2.2976209E-02 6.318E-04 1.500E+01 7.552E-05 1.380E+00 7.287E-05
    2.3134438E-02 6.340E-04 1.500E+01 7.579E-05 1.379E+00 7.306E-05
    2.3293219E-02 6.363E-04 1.500E+01 7.607E-05 1.379E+00 7.324E-05
    2.3452554E-02 6.385E-04 1.500E+01 7.634E-05 1.379E+00 7.342E-05
    2.3612442E-02 6.407E-04 1.500E+01 7.662E-05 1.379E+00 7.361E-05
    2.3772887E-02 6.429E-04 1.500E+01 7.689E-05 1.379E+00 7.379E-05
    2.3933890E-02 6.452E-04 1.500E+01 7.717E-05 1.379E+00 7.398E-05
    2.4095452E-02 6.474E-04 1.500E+01 7.745E-05 1.379E+00 7.416E-05
    2.4257574E-02 6.496E-04 1.500E+01 7.773E-05 1.379E+00 7.435E-05
    2.4420259E-02 6.519E-04 1.500E+01 7.801E-05 1.379E+00 7.454E-05
    2.4583508E-02 6.541E-04 1.500E+01 7.829E-05 1.378E+00 7.473E-05
    2.4747323E-02 6.564E-04 1.500E+01 7.857E-05 1.378E+00 7.491E-05
    2.4911705E-02 6.587E-04 1.500E+01 7.885E-05 1.378E+00 7.510E-05
    2.5076655E-02 6.610E-04 1.500E+01 7.913E-05 1.378E+00 7.529E-05
    2.5242176E-02 6.632E-04 1.500E+01 7.941E-05 1.378E+00 7.548E-05
    2.5408269E-02 6.655E-04 1.500E+01 7.970E-05 1.378E+00 7.567E-05
    2.5574935E-02 6.678E-04 1.500E+01 7.998E-05 1.378E+00 7.586E-05
    2.5742176E-02 6.701E-04 1.500E+01 8.027E-05 1.378E+00 7.606E-05
    2.5909994E-02 6.724E-04 1.500E+01 8.055E-05 1.378E+00 7.625E-05
    2.6078390E-02 6.748E-04 1.500E+01 8.084E-05 1.377E+00 7.644E-05
    2.6247365E-02 6.771E-04 1.500E+01 8.112E-05 1.377E+00 7.663E-05
    2.6416922E-02 6.794E-04 1.500E+01 8.141E-05 1.377E+00 7.683E-05
    2.6587063E-02 6.818E-04 1.500E+01 8.170E-05 1.377E+00 7.702E-05
    2.6757787E-02 6.841E-04 1.500E+01 8.199E-05 1.377E+00 7.722E-05
    2.6929098E-02 6.864E-04 1.500E+01 8.228E-05 1.377E+00 7.742E-05
    2.7100997E-02 6.888E-04 1.500E+01 8.257E-05 1.377E+00 7.761E-05
    2.7273485E-02 6.912E-04 1.500E+01 8.286E-05 1.377E+00 7.781E-05
    2.7446565E-02 6.935E-04 1.500E+01 8.315E-05 1.376E+00 7.801E-05
    2.7620236E-02 6.959E-04 1.500E+01 8.345E-05 1.376E+00 7.820E-05
    2.7794502E-02 6.983E-04 1.500E+01 8.374E-05 1.376E+00 7.840E-05
    2.7969364E-02 7.007E-04 1.500E+01 8.404E-05 1.376E+00 7.860E-05
    2.8144823E-02 7.031E-04 1.500E+01 8.433E-05 1.376E+00 7.880E-05
    2.8320882E-02 7.055E-04 1.500E+01 8.463E-05 1.376E+00 7.900E-05
    2.8497541E-02 7.079E-04 1.500E+01 8.492E-05 1.376E+00 7.921E-05
    2.8674802E-02 7.103E-04 1.500E+01 8.522E-05 1.376E+00 7.941E-05
    2.8852667E-02 7.127E-04 1.500E+01 8.552E-05 1.376E+00 7.961E-05
    2.9031138E-02 7.151E-04 1.500E+01 8.582E-05 1.375E+00 7.981E-05
    2.9210216E-02 7.176E-04 1.500E+01 8.612E-05 1.375E+00 8.002E-05
    2.9389903E-02 7.200E-04 1.500E+01 8.642E-05 1.375E+00 8.022E-05
    2.9570200E-02 7.224E-04 1.500E+01 8.672E-05 1.375E+00 8.043E-05
    2.9751109E-02 7.249E-04 1.500E+01 8.702E-05 1.375E+00 8.063E-05
    2.9932632E-02 7.273E-04 1.500E+01 8.732E-05 1.375E+00 8.084E-05
    3.0114770E-02 7.298E-04 1.500E+01 8.763E-05 1.375E+00 8.104E-05
    3.0297525E-02 7.323E-04 1.500E+01 8.793E-05 1.375E+00 8.125E-05
    3.0480899E-02 7.348E-04 1.500E+01 8.824E-05 1.375E+00 8.146E-05
    3.0664893E-02 7.372E-04 1.500E+01 8.854E-05 1.374E+00 8.167E-05
    3.0849509E-02 7.397E-04 1.500E+01 8.885E-05 1.374E+00 8.188E-05
    3.1034749E-02 7.422E-04 1.500E+01 8.916E-05 1.374E+00 8.209E-05
    3.1220613E-02 7.447E-04 1.500E+01 8.946E-05 1.374E+00 8.230E-05
    3.1407105E-02 7.472E-04 1.500E+01 8.977E-05 1.374E+00 8.251E-05
    3.1594225E-02 7.498E-04 1.500E+01 9.008E-05 1.374E+00 8.272E-05
    3.1781975E-02 7.523E-04 1.500E+01 9.039E-05 1.374E+00 8.293E-05
    3.1970357E-02 7.548E-04 1.500E+01 9.071E-05 1.374E+00 8.315E-05
    3.2159372E-02 7.574E-04 1.500E+01 9.102E-05 1.374E+00 8.336E-05
    3.2349023E-02 7.599E-04 1.500E+01 9.133E-05 1.373E+00 8.357E-05
    3.2539310E-02 7.625E-04 1.500E+01 9.164E-05 1.373E+00 8.379E-05
    3.2730236E-02 7.650E-04 1.500E+01 9.196E-05 1.373E+00 8.401E-05
    3.2921802E-02 7.676E-04 1.500E+01 9.227E-05 1.373E+00 8.422E-05
    3.3114010E-02 7.701E-04 1.500E+01 9.259E-05 1.373E+00 8.444E-05
    3.3306861E-02 7.727E-04 1.500E+01 9.291E-05 1.373E+00 8.466E-05
    3.3500358E-02 7.753E-04 1.500E+01 9.322E-05 1.373E+00 8.487E-05
    3.3694501E-02 7.779E-04 1.500E+01 9.354E-05 1.373E+00 8.509E-05
    3.3889293E-02 7.805E-04 1.500E+01 9.386E-05 1.373E+00 8.531E-05
    3.4084735E-02 7.831E-04 1.500E+01 9.418E-05 1.373E+00 8.553E-05
    3.4280829E-02 7.857E-04 1.500E+01 9.450E-05 1.372E+00 8.575E-05
    3.4477576E-02 7.883E-04 1.500E+01 9.482E-05 1.372E+00 8.597E-05
    3.4674979E-02 7.910E-04 1.500E+01 9.515E-05 1.372E+00 8.620E-05
    3.4873039E-02 7.936E-04 1.500E+01 9.547E-05 1.372E+00 8.642E-05
    3.5071757E-02 7.962E-04 1.500E+01 9.579E-05 1.372E+00 8.664E-05
    3.5271136E-02 7.989E-04 1.500E+01 9.612E-05 1.372E+00 8.687E-05
    3.5471177E-02 8.015E-04 1.500E+01 9.644E-05 1.372E+00 8.709E-05
    3.5671881E-02 8.042E-04 1.500E+01 9.677E-05 1.372E+00 8.731E-05
    3.5873251E-02 8.068E-04 1.500E+01 9.710E-05 1.372E+00 8.754E-05
    3.6075289E-02 8.095E-04 1.500E+01 9.743E-05 1.371E+00 8.777E-05
    3.6277995E-02 8.122E-04 1.500E+01 9.775E-05 1.371E+00 8.799E-05
    3.6481372E-02 8.149E-04 1.500E+01 9.808E-05 1.371E+00 8.822E-05
    3.6685421E-02 8.176E-04 1.500E+01 9.841E-05 1.371E+00 8.845E-05
    3.6890144E-02 8.203E-04 1.500E+01 9.875E-05 1.371E+00 8.868E-05
    3.7095543E-02 8.230E-04 1.500E+01 9.908E-05 1.371E+00 8.891E-05
    3.7301619E-02 8.257E-04 1.500E+01 9.941E-05 1.371E+00 8.914E-05
    3.7508375E-02 8.284E-04 1.500E+01 9.975E-05 1.371E+00 8.937E-05
    3.7715812E-02 8.311E-04 1.500E+01 1.001E-04 1.371E+00 8.960E-05
    3.7923931E-02 8.339E-04 1.500E+01 1.004E-04 1.370E+00 8.983E-05
    3.8132735E-02 8.366E-04 1.500E+01 1.008E-04 1.370E+00 9.007E-05
    3.8342225E-02 8.394E-04 1.500E+01 1.011E-04 1.370E+00 9.030E-05
    3.8552403E-02 8.421E-04 1.500E+01 1.014E-04 1.370E+00 9.054E-05
    3.8763271E-02 8.449E-04 1.500E+01 1.018E-04 1.370E+00 9.077E-05
    3.8974830E-02 8.476E-04 1.500E+01 1.021E-04 1.370E+00 9.101E-05
    3.9187082E-02 8.504E-04 1.500E+01 1.024E-04 1.370E+00 9.124E-05
    3.9400029E-02 8.532E-04 1.500E+01 1.028E-04 1.370E+00 9.148E-05
    3.9613672E-02 8.560E-04 1.500E+01 1.031E-04 1.370E+00 9.172E-05
    3.9828014E-02 8.588E-04 1.500E+01 1.035E-04 1.370E+00 9.196E-05
    4.0043057E-02 8.616E-04 1.500E+01 1.038E-04 1.369E+00 9.219E-05
    4.0258801E-02 8.644E-04 1.500E+01 1.042E-04 1.369E+00 9.243E-05
    4.0475249E-02 8.672E-04 1.500E+01 1.045E-04 1.369E+00 9.267E-05
    4.0692402E-02 8.701E-04 1.500E+01 1.049E-04 1.369E+00 9.292E-05
    4.0910263E-02 8.729E-04 1.500E+01 1.052E-04 1.369E+00 9.316E-05
    4.1128832E-02 8.757E-04 1.500E+01 1.055E-04 1.369E+00 9.340E-05
    4.1348112E-02 8.786E-04 1.500E+01 1.059E-04 1.369E+00 9.364E-05
    4.1568105E-02 8.814E-04 1.500E+01 1.062E-04 1.369E+00 9.389E-05
    4.1788813E-02 8.843E-04 1.500E+01 1.066E-04 1.369E+00 9.413E-05
    4.2010236E-02 8.872E-04 1.500E+01 1.069E-04 1.369E+00 9.438E-05
    4.2232377E-02 8.900E-04 1.500E+01 1.073E-04 1.368E+00 9.462E-05
    4.2455238E-02 8.929E-04 1.500E+01 1.077E-04 1.368E+00 9.487E-05
    4.2678820E-02 8.958E-04 1.500E+01 1.080E-04 1.368E+00 9.512E-05
    4.2903126E-02 8.987E-04 1.500E+01 1.084E-04 1.368E+00 9.536E-05
    4.3128156E-02 9.016E-04 1.500E+01 1.087E-04 1.368E+00 9.561E-05
    4.3353914E-02 9.045E-04 1.500E+01 1.091E-04 1.368E+00 9.586E-05
    4.3580400E-02 9.074E-04 1.500E+01 1.094E-04 1.368E+00 9.611E-05
    4.3807616E-02 9.104E-04 1.500E+01 1.098E-04 1.368E+00 9.636E-05
    4.4035565E-02 9.133E-04 1.500E+01 1.102E-04 1.368E+00 9.661E-05
    4.4264248E-02 9.162E-04 1.500E+01 1.105E-04 1.368E+00 9.687E-05
    4.4493667E-02 9.192E-04 1.500E+01 1.109E-04 1.368E+00 9.712E-05
    4.4723823E-02 9.221E-04 1.500E+01 1.112E-04 1.367E+00 9.737E-05
    4.4954719E-02 9.251E-04 1.500E+01 1.116E-04 1.367E+00 9.763E-05
    4.5186356E-02 9.281E-04 1.500E+01 1.120E-04 1.367E+00 9.788E-05
    4.5418737E-02 9.310E-04 1.500E+01 1.123E-04 1.367E+00 9.814E-05
    4.5651862E-02 9.340E-04 1.500E+01 1.127E-04 1.367E+00 9.839E-05
    4.5885734E-02 9.370E-04 1.500E+01 1.131E-04 1.367E+00 9.865E-05
    4.6120355E-02 9.400E-04 1.500E+01 1.134E-04 1.367E+00 9.891E-05
    4.6355726E-02 9.430E-04 1.500E+01 1.138E-04 1.367E+00 9.917E-05
    4.6591850E-02 9.460E-04 1.500E+01 1.142E-04 1.367E+00 9.943E-05
    4.6828727E-02 9.491E-04 1.500E+01 1.145E-04 1.367E+00 9.969E-05
    4.7066361E-02 9.521E-04 1.500E+01 1.149E-04 1.366E+00 9.995E-05
    4.7304752E-02 9.551E-04 1.500E+01 1.153E-04 1.366E+00 1.002E-04
    4.7543903E-02 9.582E-04 1.500E+01 1.156E-04 1.366E+00 1.005E-04
    4.7783816E-02 9.612E-04 1.500E+01 1.160E-04 1.366E+00 1.007E-04
    4.8024492E-02 9.643E-04 1.500E+01 1.164E-04 1.366E+00 1.010E-04
    4.8265933E-02 9.673E-04 1.500E+01 1.168E-04 1.366E+00 1.013E-04
    4.8508142E-02 9.704E-04 1.500E+01 1.171E-04 1.366E+00 1.015E-04
    4.8751119E-02 9.735E-04 1.500E+01 1.175E-04 1.366E+00 1.018E-04
    4.8994867E-02 9.766E-04 1.500E+01 1.179E-04 1.366E+00 1.021E-04
    4.9239388E-02 9.797E-04 1.500E+01 1.183E-04 1.366E+00 1.023E-04
    4.9484683E-02 9.828E-04 1.500E+01 1.187E-04 1.366E+00 1.026E-04
    4.9730755E-02 9.859E-04 1.500E+01 1.190E-04 1.365E+00 1.029E-04
    4.9977604E-02 9.890E-04 1.500E+01 1.194E-04 1.365E+00 1.031E-04
    5.0225235E-02 9.921E-04 1.500E+01 1.198E-04 1.365E+00 1.034E-04
    5.0473647E-02 9.952E-04 1.500E+01 1.202E-04 1.365E+00 1.037E-04
    5.0722843E-02 9.984E-04 1.500E+01 1.206E-04 1.365E+00 1.039E-04
    5.0972825E-02 1.002E-03 1.500E+01 1.210E-04 1.365E+00 1.042E-04
    5.1223595E-02 1.005E-03 1.500E+01 1.213E-04 1.365E+00 1.045E-04
    5.1475154E-02 1.008E-03 1.500E+01 1.217E-04 1.365E+00 1.048E-04
    5.1727505E-02 1.011E-03 1.500E+01 1.221E-04 1.365E+00 1.050E-04
    5.1980649E-02 1.014E-03 1.500E+01 1.225E-04 1.365E+00 1.053E-04
    5.2234588E-02 1.017E-03 1.500E+01 1.229E-04 1.365E+00 1.056E-04
    5.2489325E-02 1.021E-03 1.500E+01 1.233E-04 1.364E+00 1.059E-04
    5.2744861E-02 1.024E-03 1.500E+01 1.237E-04 1.364E+00 1.061E-04
    5.3001198E-02 1.027E-03 1.500E+01 1.241E-04 1.364E+00 1.064E-04
    5.3258338E-02 1.030E-03 1.500E+01 1.245E-04 1.364E+00 1.067E-04
    5.3516282E-02 1.033E-03 1.500E+01 1.249E-04 1.364E+00 1.070E-04
    5.3775034E-02 1.037E-03 1.500E+01 1.253E-04 1.364E+00 1.073E-04
    5.4034594E-02 1.040E-03 1.500E+01 1.257E-04 1.364E+00 1.075E-04
    5.4294964E-02 1.043E-03 1.500E+01 1.261E-04 1.364E+00 1.078E-04
    5.4556148E-02 1.046E-03 1.500E+01 1.265E-04 1.364E+00 1.081E-04
    5.4818146E-02 1.050E-03 1.500E+01 1.269E-04 1.364E+00 1.084E-04
    5.5080960E-02 1.053E-03 1.500E+01 1.273E-04 1.364E+00 1.087E-04
    5.5344592E-02 1.056E-03 1.500E+01 1.277E-04 1.364E+00 1.090E-04
    5.5609045E-02 1.059E-03 1.500E+01 1.281E-04 1.363E+00 1.092E-04
    5.5874320E-02 1.063E-03 1.500E+01 1.285E-04 1.363E+00 1.095E-04
    5.6140420E-02 1.066E-03 1.500E+01 1.289E-04 1.363E+00 1.098E-04
    5.6407345E-02 1.069E-03 1.500E+01 1.293E-04 1.363E+00 1.101E-04
    5.6675099E-02 1.073E-03 1.500E+01 1.297E-04 1.363E+00 1.104E-04
    5.6943683E-02 1.076E-03 1.500E+01 1.301E-04 1.363E+00 1.107E-04
    5.7213098E-02 1.079E-03 1.500E+01 1.305E-04 1.363E+00 1.110E-04
    5.7483348E-02 1.083E-03 1.500E+01 1.309E-04 1.363E+00 1.113E-04
    5.7754433E-02 1.086E-03 1.500E+01 1.313E-04 1.363E+00 1.116E-04
    5.8026357E-02 1.089E-03 1.500E+01 1.317E-04 1.363E+00 1.118E-04
    5.8299120E-02 1.093E-03 1.500E+01 1.321E-04 1.363E+00 1.121E-04
    5.8572725E-02 1.096E-03 1.500E+01 1.326E-04 1.363E+00 1.124E-04
    5.8847175E-02 1.100E-03 1.500E+01 1.330E-04 1.362E+00 1.127E-04
    5.9122469E-02 1.103E-03 1.500E+01 1.334E-04 1.362E+00 1.130E-04
    5.9398612E-02 1.106E-03 1.500E+01 1.338E-04 1.362E+00 1.133E-04
    5.9675605E-02 1.110E-03 1.500E+01 1.342E-04 1.362E+00 1.136E-04
    5.9953449E-02 1.113E-03 1.500E+01 1.346E-04 1.362E+00 1.139E-04
    6.0232147E-02 1.117E-03 1.500E+01 1.350E-04 1.362E+00 1.142E-04
    6.0511701E-02 1.120E-03 1.500E+01 1.355E-04 1.362E+00 1.145E-04
    6.0792112E-02 1.123E-03 1.500E+01 1.359E-04 1.362E+00 1.148E-04
    6.1073383E-02 1.127E-03 1.500E+01 1.363E-04 1.362E+00 1.151E-04
    6.1355516E-02 1.130E-03 1.500E+01 1.367E-04 1.362E+00 1.154E-04
    6.1638513E-02 1.134E-03 1.500E+01 1.372E-04 1.362E+00 1.157E-04
    6.1922376E-02 1.137E-03 1.500E+01 1.376E-04 1.362E+00 1.160E-04
    6.2207106E-02 1.141E-03 1.500E+01 1.380E-04 1.361E+00 1.163E-04
    6.2492707E-02 1.144E-03 1.500E+01 1.384E-04 1.361E+00 1.166E-04
    6.2779179E-02 1.148E-03 1.500E+01 1.389E-04 1.361E+00 1.169E-04
    6.3066525E-02 1.151E-03 1.500E+01 1.393E-04 1.361E+00 1.172E-04
    6.3354747E-02 1.155E-03 1.500E+01 1.397E-04 1.361E+00 1.175E-04
    6.3643847E-02 1.158E-03 1.500E+01 1.402E-04 1.361E+00 1.179E-04
    6.3933827E-02 1.162E-03 1.500E+01 1.406E-04 1.361E+00 1.182E-04
    6.4224688E-02 1.165E-03 1.500E+01 1.410E-04 1.361E+00 1.185E-04
    6.4516434E-02 1.169E-03 1.500E+01 1.414E-04 1.361E+00 1.188E-04
    6.4809066E-02 1.172E-03 1.500E+01 1.419E-04 1.361E+00 1.191E-04
    6.5102586E-02 1.176E-03 1.500E+01 1.423E-04 1.361E+00 1.194E-04
    6.5396997E-02 1.179E-03 1.500E+01 1.428E-04 1.361E+00 1.197E-04
    6.5692299E-02 1.183E-03 1.500E+01 1.432E-04 1.361E+00 1.200E-04
    6.5988496E-02 1.187E-03 1.500E+01 1.436E-04 1.360E+00 1.203E-04
    6.6285589E-02 1.190E-03 1.500E+01 1.441E-04 1.360E+00 1.207E-04
    6.6583581E-02 1.194E-03 1.500E+01 1.445E-04 1.360E+00 1.210E-04
    6.6882473E-02 1.197E-03 1.500E+01 1.450E-04 1.360E+00 1.213E-04
    6.7182268E-02 1.201E-03 1.500E+01 1.454E-04 1.360E+00 1.216E-04
    6.7482967E-02 1.205E-03 1.500E+01 1.458E-04 1.360E+00 1.219E-04
    6.7784573E-02 1.208E-03 1.500E+01 1.463E-04 1.360E+00 1.223E-04
    6.8087088E-02 1.212E-03 1.500E+01 1.467E-04 1.360E+00 1.226E-04
    6.8390514E-02 1.216E-03 1.500E+01 1.472E-04 1.360E+00 1.229E-04
    6.8694852E-02 1.219E-03 1.500E+01 1.476E-04 1.360E+00 1.232E-04
    6.9000106E-02 1.223E-03 1.500E+01 1.481E-04 1.360E+00 1.235E-04
    6.9306277E-02 1.227E-03 1.500E+01 1.485E-04 1.360E+00 1.239E-04
    6.9613369E-02 1.230E-03 1.500E+01 1.490E-04 1.360E+00 1.242E-04
    6.9921383E-02 1.234E-03 1.500E+01 1.494E-04 1.359E+00 1.245E-04
    7.0230323E-02 1.238E-03 1.500E+01 1.499E-04 1.359E+00 1.248E-04
    7.0540191E-02 1.241E-03 1.500E+01 1.503E-04 1.359E+00 1.252E-04
    7.0850989E-02 1.245E-03 1.500E+01 1.508E-04 1.359E+00 1.255E-04
    7.1162721E-02 1.249E-03 1.500E+01 1.513E-04 1.359E+00 1.258E-04
    7.1475389E-02 1.253E-03 1.500E+01 1.517E-04 1.359E+00 1.262E-04
    7.1788995E-02 1.256E-03 1.500E+01 1.522E-04 1.359E+00 1.265E-04
    7.2103543E-02 1.260E-03 1.500E+01 1.526E-04 1.359E+00 1.268E-04
    7.2419035E-02 1.264E-03 1.500E+01 1.531E-04 1.359E+00 1.271E-04
    7.2735474E-02 1.268E-03 1.500E+01 1.535E-04 1.359E+00 1.275E-04
    7.3052862E-02 1.271E-03 1.500E+01 1.540E-04 1.359E+00 1.278E-04
    7.3371202E-02 1.275E-03 1.500E+01 1.545E-04 1.359E+00 1.281E-04
    7.3690497E-02 1.279E-03 1.500E+01 1.549E-04 1.358E+00 1.285E-04
    7.4010750E-02 1.283E-03 1.500E+01 1.554E-04 1.358E+00 1.288E-04
    7.4331963E-02 1.287E-03 1.500E+01 1.559E-04 1.358E+00 1.292E-04
    7.4654139E-02 1.291E-03 1.500E+01 1.563E-04 1.358E+00 1.295E-04
    7.4977280E-02 1.295E-03 1.500E+01 1.568E-04 1.358E+00 1.298E-04
    7.5301391E-02 1.298E-03 1.500E+01 1.573E-04 1.358E+00 1.302E-04
    7.5626472E-02 1.302E-03 1.500E+01 1.578E-04 1.358E+00 1.305E-04
    7.5952528E-02 1.306E-03 1.500E+01 1.582E-04 1.358E+00 1.309E-04
    7.6279560E-02 1.310E-03 1.500E+01 1.587E-04 1.358E+00 1.312E-04
    7.6607572E-02 1.314E-03 1.500E+01 1.592E-04 1.358E+00 1.315E-04
    7.6936567E-02 1.318E-03 1.500E+01 1.596E-04 1.357E+00 1.319E-04
    7.7266547E-02 1.322E-03 1.500E+01 1.601E-04 1.357E+00 1.322E-04
    7.7597514E-02 1.326E-03 1.500E+01 1.606E-04 1.357E+00 1.326E-04
    7.7875000E-02 1.329E-03 1.500E+01 1.610E-04 1.357E+00 1.329E-04
