   s200_5.dat, turb ml, flat plate, Ts(x)                                  
   scaling factor for x/s, s=  1.0000E+00
   constant props, csubp =  2140.00 htc based on (ts-tinf)
 x/s           rex           rem        cf/2      reh       st        nu
 5.3801819E-03 5.7274142E+05 1.5948E+03 2.026E-03 1.942E+03 1.198E-03 1.503E+03
 5.4656449E-03 5.7592398E+05 1.6012E+03 2.027E-03 1.946E+03 1.199E-03 1.512E+03
 5.5609031E-03 5.7947129E+05 1.6084E+03 2.028E-03 1.950E+03 1.199E-03 1.522E+03
 5.6565034E-03 5.8303134E+05 1.6156E+03 2.028E-03 1.954E+03 1.199E-03 1.531E+03
 5.7524587E-03 5.8660461E+05 1.6229E+03 2.027E-03 1.958E+03 1.199E-03 1.540E+03
 5.8487747E-03 5.9019132E+05 1.6301E+03 2.027E-03 1.963E+03 1.199E-03 1.550E+03
 5.9454524E-03 5.9379149E+05 1.6374E+03 2.026E-03 1.967E+03 1.199E-03 1.559E+03
 6.0424907E-03 5.9740509E+05 1.6448E+03 2.025E-03 1.971E+03 1.198E-03 1.568E+03
 6.1398869E-03 6.0103202E+05 1.6521E+03 2.024E-03 1.976E+03 1.198E-03 1.577E+03
 6.2376380E-03 6.0467217E+05 1.6595E+03 2.022E-03 1.980E+03 1.197E-03 1.586E+03
 6.3357731E-03 6.0832661E+05 1.6669E+03 2.021E-03 1.984E+03 1.197E-03 1.595E+03
 6.4343062E-03 6.1199588E+05 1.6743E+03 2.019E-03 1.989E+03 1.197E-03 1.604E+03
 6.5332302E-03 6.1567970E+05 1.6817E+03 2.016E-03 1.993E+03 1.196E-03 1.613E+03
 6.6325388E-03 6.1937785E+05 1.6891E+03 2.014E-03 1.998E+03 1.196E-03 1.622E+03
 6.7322265E-03 6.2309011E+05 1.6966E+03 2.011E-03 2.002E+03 1.196E-03 1.632E+03
 6.8322881E-03 6.2681630E+05 1.7041E+03 2.009E-03 2.006E+03 1.196E-03 1.641E+03
 6.9327188E-03 6.3055623E+05 1.7116E+03 2.006E-03 2.011E+03 1.195E-03 1.651E+03
 7.0335144E-03 6.3430975E+05 1.7191E+03 2.003E-03 2.015E+03 1.195E-03 1.660E+03
 7.1346710E-03 6.3807671E+05 1.7267E+03 2.001E-03 2.020E+03 1.195E-03 1.670E+03
 7.2361846E-03 6.4185697E+05 1.7342E+03 1.998E-03 2.024E+03 1.195E-03 1.679E+03
 7.3380521E-03 6.4565040E+05 1.7418E+03 1.995E-03 2.029E+03 1.194E-03 1.689E+03
 7.4402789E-03 6.4945722E+05 1.7494E+03 1.992E-03 2.034E+03 1.194E-03 1.699E+03
 7.5429013E-03 6.5327877E+05 1.7570E+03 1.989E-03 2.038E+03 1.194E-03 1.708E+03
 7.6459190E-03 6.5711504E+05 1.7646E+03 1.986E-03 2.043E+03 1.194E-03 1.718E+03
 7.7493272E-03 6.6096585E+05 1.7723E+03 1.983E-03 2.047E+03 1.194E-03 1.728E+03
 7.8531213E-03 6.6483103E+05 1.7799E+03 1.980E-03 2.052E+03 1.194E-03 1.738E+03
 7.9572972E-03 6.6871043E+05 1.7876E+03 1.977E-03 2.057E+03 1.193E-03 1.748E+03
 8.0618512E-03 6.7260390E+05 1.7953E+03 1.975E-03 2.061E+03 1.193E-03 1.758E+03
 8.1667795E-03 6.7651132E+05 1.8030E+03 1.972E-03 2.066E+03 1.193E-03 1.768E+03
 8.2720789E-03 6.8043256E+05 1.8107E+03 1.969E-03 2.071E+03 1.193E-03 1.777E+03
 8.3777461E-03 6.8436749E+05 1.8185E+03 1.966E-03 2.075E+03 1.193E-03 1.787E+03
 8.4837782E-03 6.8831601E+05 1.8262E+03 1.963E-03 2.080E+03 1.192E-03 1.798E+03
 8.5901726E-03 6.9227803E+05 1.8340E+03 1.960E-03 2.085E+03 1.192E-03 1.808E+03
 8.6969588E-03 6.9625463E+05 1.8418E+03 1.957E-03 2.089E+03 1.192E-03 1.818E+03
 8.8041545E-03 7.0024648E+05 1.8496E+03 1.954E-03 2.094E+03 1.192E-03 1.828E+03
 8.9117554E-03 7.0425342E+05 1.8574E+03 1.952E-03 2.099E+03 1.192E-03 1.838E+03
 9.0197571E-03 7.0827529E+05 1.8653E+03 1.949E-03 2.104E+03 1.191E-03 1.848E+03
 9.1281557E-03 7.1231194E+05 1.8731E+03 1.946E-03 2.109E+03 1.191E-03 1.858E+03
 9.2369479E-03 7.1636324E+05 1.8810E+03 1.943E-03 2.113E+03 1.191E-03 1.869E+03
 9.3461307E-03 7.2042909E+05 1.8889E+03 1.940E-03 2.118E+03 1.191E-03 1.879E+03
 9.4557015E-03 7.2450939E+05 1.8968E+03 1.938E-03 2.123E+03 1.191E-03 1.889E+03
 9.5656586E-03 7.2860407E+05 1.9047E+03 1.935E-03 2.128E+03 1.190E-03 1.899E+03
 9.6760008E-03 7.3271310E+05 1.9127E+03 1.932E-03 2.133E+03 1.190E-03 1.910E+03
 9.7867275E-03 7.3683644E+05 1.9207E+03 1.929E-03 2.138E+03 1.190E-03 1.920E+03
 9.8978389E-03 7.4097411E+05 1.9286E+03 1.927E-03 2.143E+03 1.190E-03 1.931E+03
 1.0009340E-02 7.4512629E+05 1.9366E+03 1.924E-03 2.148E+03 1.189E-03 1.941E+03
 1.0121256E-02 7.4929394E+05 1.9446E+03 1.922E-03 2.153E+03 1.189E-03 1.951E+03
 1.0233591E-02 7.5347715E+05 1.9527E+03 1.919E-03 2.158E+03 1.189E-03 1.962E+03
 1.0346342E-02 7.5767588E+05 1.9607E+03 1.916E-03 2.162E+03 1.189E-03 1.972E+03
 1.0459509E-02 7.6189009E+05 1.9688E+03 1.914E-03 2.168E+03 1.188E-03 1.983E+03
 1.0573091E-02 7.6611978E+05 1.9769E+03 1.911E-03 2.173E+03 1.188E-03 1.993E+03
 1.0687089E-02 7.7036493E+05 1.9850E+03 1.909E-03 2.178E+03 1.188E-03 2.004E+03
 1.0801503E-02 7.7462558E+05 1.9931E+03 1.906E-03 2.183E+03 1.188E-03 2.015E+03
 1.0916333E-02 7.7890174E+05 2.0013E+03 1.904E-03 2.188E+03 1.187E-03 2.025E+03
 1.1031581E-02 7.8319345E+05 2.0094E+03 1.901E-03 2.193E+03 1.187E-03 2.036E+03
 1.1147247E-02 7.8750073E+05 2.0176E+03 1.899E-03 2.198E+03 1.187E-03 2.047E+03
 1.1263333E-02 7.9182364E+05 2.0258E+03 1.896E-03 2.203E+03 1.187E-03 2.058E+03
 1.1379839E-02 7.9616221E+05 2.0340E+03 1.894E-03 2.208E+03 1.186E-03 2.068E+03
 1.1496768E-02 8.0051650E+05 2.0423E+03 1.892E-03 2.213E+03 1.186E-03 2.079E+03
 1.1614119E-02 8.0488655E+05 2.0505E+03 1.889E-03 2.219E+03 1.186E-03 2.090E+03
 1.1731896E-02 8.0927242E+05 2.0588E+03 1.887E-03 2.224E+03 1.185E-03 2.101E+03
 1.1850098E-02 8.1367415E+05 2.0671E+03 1.884E-03 2.229E+03 1.185E-03 2.112E+03
 1.1968728E-02 8.1809181E+05 2.0754E+03 1.882E-03 2.234E+03 1.185E-03 2.123E+03
 1.2087787E-02 8.2252543E+05 2.0838E+03 1.880E-03 2.239E+03 1.185E-03 2.134E+03
 1.2207277E-02 8.2697508E+05 2.0921E+03 1.877E-03 2.245E+03 1.184E-03 2.145E+03
 1.2327198E-02 8.3144082E+05 2.1005E+03 1.875E-03 2.250E+03 1.184E-03 2.156E+03
 1.2447552E-02 8.3592269E+05 2.1089E+03 1.873E-03 2.255E+03 1.184E-03 2.167E+03
 1.2568341E-02 8.4042075E+05 2.1173E+03 1.871E-03 2.261E+03 1.183E-03 2.178E+03
 1.2689567E-02 8.4493506E+05 2.1258E+03 1.868E-03 2.266E+03 1.183E-03 2.189E+03
 1.2811230E-02 8.4946567E+05 2.1342E+03 1.866E-03 2.271E+03 1.183E-03 2.200E+03
 1.2933333E-02 8.5401263E+05 2.1427E+03 1.864E-03 2.277E+03 1.182E-03 2.211E+03
 1.3055876E-02 8.5857601E+05 2.1512E+03 1.862E-03 2.282E+03 1.182E-03 2.223E+03
 1.3178861E-02 8.6315585E+05 2.1597E+03 1.860E-03 2.288E+03 1.182E-03 2.234E+03
 1.3302290E-02 8.6775222E+05 2.1683E+03 1.857E-03 2.293E+03 1.181E-03 2.245E+03
 1.3426165E-02 8.7236517E+05 2.1769E+03 1.855E-03 2.298E+03 1.181E-03 2.256E+03
 1.3550486E-02 8.7699475E+05 2.1854E+03 1.853E-03 2.304E+03 1.181E-03 2.268E+03
 1.3675255E-02 8.8164102E+05 2.1940E+03 1.851E-03 2.309E+03 1.180E-03 2.279E+03
 1.3800474E-02 8.8630403E+05 2.2027E+03 1.849E-03 2.315E+03 1.180E-03 2.291E+03
 1.3926144E-02 8.9098385E+05 2.2113E+03 1.847E-03 2.320E+03 1.180E-03 2.302E+03
 1.4052266E-02 8.9568052E+05 2.2200E+03 1.844E-03 2.326E+03 1.179E-03 2.313E+03
 1.4178843E-02 9.0039410E+05 2.2287E+03 1.842E-03 2.331E+03 1.179E-03 2.325E+03
 1.4305876E-02 9.0512465E+05 2.2374E+03 1.840E-03 2.337E+03 1.179E-03 2.336E+03
 1.4433365E-02 9.0987223E+05 2.2461E+03 1.838E-03 2.343E+03 1.178E-03 2.348E+03
 1.4561313E-02 9.1463688E+05 2.2549E+03 1.836E-03 2.348E+03 1.178E-03 2.360E+03
 1.4689722E-02 9.1941867E+05 2.2636E+03 1.834E-03 2.354E+03 1.178E-03 2.371E+03
 1.4818592E-02 9.2421765E+05 2.2724E+03 1.832E-03 2.360E+03 1.177E-03 2.383E+03
 1.4947925E-02 9.2903388E+05 2.2813E+03 1.830E-03 2.365E+03 1.177E-03 2.395E+03
 1.5077722E-02 9.3386740E+05 2.2901E+03 1.828E-03 2.371E+03 1.177E-03 2.406E+03
 1.5207986E-02 9.3871829E+05 2.2990E+03 1.826E-03 2.377E+03 1.176E-03 2.418E+03
 1.5338718E-02 9.4358659E+05 2.3078E+03 1.824E-03 2.382E+03 1.176E-03 2.430E+03
 1.5469918E-02 9.4847235E+05 2.3168E+03 1.822E-03 2.388E+03 1.176E-03 2.442E+03
 1.5601589E-02 9.5337565E+05 2.3257E+03 1.820E-03 2.394E+03 1.175E-03 2.454E+03
 1.5733733E-02 9.5829652E+05 2.3346E+03 1.818E-03 2.400E+03 1.175E-03 2.465E+03
 1.5866350E-02 9.6323503E+05 2.3436E+03 1.816E-03 2.405E+03 1.174E-03 2.477E+03
 1.5999442E-02 9.6819123E+05 2.3526E+03 1.814E-03 2.411E+03 1.174E-03 2.489E+03
 1.6133010E-02 9.7316518E+05 2.3616E+03 1.812E-03 2.417E+03 1.174E-03 2.501E+03
 1.6267057E-02 9.7815693E+05 2.3707E+03 1.810E-03 2.423E+03 1.173E-03 2.513E+03
 1.6401583E-02 9.8316655E+05 2.3797E+03 1.808E-03 2.429E+03 1.173E-03 2.525E+03
 1.6536591E-02 9.8819408E+05 2.3888E+03 1.806E-03 2.435E+03 1.173E-03 2.538E+03
 1.6672081E-02 9.9323958E+05 2.3979E+03 1.804E-03 2.441E+03 1.172E-03 2.550E+03
 1.6808055E-02 9.9830311E+05 2.4071E+03 1.803E-03 2.447E+03 1.172E-03 2.562E+03
 1.6944514E-02 1.0033847E+06 2.4162E+03 1.801E-03 2.453E+03 1.171E-03 2.574E+03
 1.7081461E-02 1.0084845E+06 2.4254E+03 1.799E-03 2.459E+03 1.171E-03 2.586E+03
 1.7218897E-02 1.0136024E+06 2.4346E+03 1.797E-03 2.464E+03 1.171E-03 2.599E+03
 1.7356823E-02 1.0187386E+06 2.4438E+03 1.795E-03 2.471E+03 1.170E-03 2.611E+03
 1.7495240E-02 1.0238932E+06 2.4531E+03 1.793E-03 2.477E+03 1.170E-03 2.623E+03
 1.7634150E-02 1.0290660E+06 2.4623E+03 1.791E-03 2.483E+03 1.169E-03 2.636E+03
 1.7773556E-02 1.0342573E+06 2.4716E+03 1.790E-03 2.489E+03 1.169E-03 2.648E+03
 1.7913457E-02 1.0394671E+06 2.4810E+03 1.788E-03 2.495E+03 1.169E-03 2.660E+03
 1.8053856E-02 1.0446954E+06 2.4903E+03 1.786E-03 2.501E+03 1.168E-03 2.673E+03
 1.8194754E-02 1.0499423E+06 2.4997E+03 1.784E-03 2.507E+03 1.168E-03 2.685E+03
 1.8336153E-02 1.0552079E+06 2.5091E+03 1.782E-03 2.513E+03 1.167E-03 2.698E+03
 1.8478055E-02 1.0604921E+06 2.5185E+03 1.780E-03 2.519E+03 1.167E-03 2.710E+03
 1.8620460E-02 1.0657951E+06 2.5279E+03 1.779E-03 2.525E+03 1.167E-03 2.723E+03
 1.8763370E-02 1.0711170E+06 2.5374E+03 1.777E-03 2.532E+03 1.166E-03 2.736E+03
 1.8906787E-02 1.0764577E+06 2.5468E+03 1.775E-03 2.538E+03 1.166E-03 2.748E+03
 1.9050713E-02 1.0818173E+06 2.5564E+03 1.773E-03 2.544E+03 1.165E-03 2.761E+03
 1.9195148E-02 1.0871959E+06 2.5659E+03 1.771E-03 2.550E+03 1.165E-03 2.774E+03
 1.9340095E-02 1.0925936E+06 2.5754E+03 1.770E-03 2.557E+03 1.165E-03 2.787E+03
 1.9485554E-02 1.0980103E+06 2.5850E+03 1.768E-03 2.563E+03 1.164E-03 2.799E+03
 1.9631528E-02 1.1034462E+06 2.5946E+03 1.766E-03 2.569E+03 1.164E-03 2.812E+03
 1.9778018E-02 1.1089014E+06 2.6043E+03 1.764E-03 2.576E+03 1.163E-03 2.825E+03
 1.9925026E-02 1.1143758E+06 2.6139E+03 1.763E-03 2.582E+03 1.163E-03 2.838E+03
 2.0072552E-02 1.1198695E+06 2.6236E+03 1.761E-03 2.588E+03 1.163E-03 2.851E+03
 2.0220599E-02 1.1253826E+06 2.6333E+03 1.759E-03 2.595E+03 1.162E-03 2.864E+03
 2.0369168E-02 1.1309151E+06 2.6430E+03 1.758E-03 2.601E+03 1.162E-03 2.877E+03
 2.0518261E-02 1.1364672E+06 2.6528E+03 1.756E-03 2.608E+03 1.161E-03 2.890E+03
 2.0667878E-02 1.1420388E+06 2.6626E+03 1.754E-03 2.614E+03 1.161E-03 2.903E+03
 2.0818023E-02 1.1476300E+06 2.6724E+03 1.752E-03 2.621E+03 1.160E-03 2.916E+03
 2.0968696E-02 1.1532409E+06 2.6822E+03 1.751E-03 2.627E+03 1.160E-03 2.930E+03
 2.1119898E-02 1.1588715E+06 2.6921E+03 1.749E-03 2.634E+03 1.160E-03 2.943E+03
 2.1271632E-02 1.1645219E+06 2.7019E+03 1.747E-03 2.640E+03 1.159E-03 2.956E+03
 2.1423898E-02 1.1701922E+06 2.7118E+03 1.746E-03 2.647E+03 1.159E-03 2.969E+03
 2.1576699E-02 1.1758823E+06 2.7218E+03 1.744E-03 2.653E+03 1.158E-03 2.983E+03
 2.1730036E-02 1.1815924E+06 2.7317E+03 1.742E-03 2.660E+03 1.158E-03 2.996E+03
 2.1883910E-02 1.1873225E+06 2.7417E+03 1.741E-03 2.667E+03 1.157E-03 3.009E+03
 2.2038323E-02 1.1930727E+06 2.7517E+03 1.739E-03 2.673E+03 1.157E-03 3.023E+03
 2.2193277E-02 1.1988430E+06 2.7617E+03 1.737E-03 2.680E+03 1.157E-03 3.036E+03
 2.2348773E-02 1.2046335E+06 2.7718E+03 1.736E-03 2.687E+03 1.156E-03 3.050E+03
 2.2504812E-02 1.2104442E+06 2.7819E+03 1.734E-03 2.693E+03 1.156E-03 3.063E+03
 2.2661397E-02 1.2162753E+06 2.7920E+03 1.733E-03 2.700E+03 1.155E-03 3.077E+03
 2.2818529E-02 1.2221267E+06 2.8021E+03 1.731E-03 2.707E+03 1.155E-03 3.091E+03
 2.2976209E-02 1.2279985E+06 2.8123E+03 1.729E-03 2.714E+03 1.154E-03 3.104E+03
 2.3134438E-02 1.2338908E+06 2.8225E+03 1.728E-03 2.721E+03 1.154E-03 3.118E+03
 2.3293219E-02 1.2398037E+06 2.8327E+03 1.726E-03 2.727E+03 1.153E-03 3.132E+03
 2.3452554E-02 1.2457371E+06 2.8429E+03 1.725E-03 2.734E+03 1.153E-03 3.146E+03
 2.3612442E-02 1.2516912E+06 2.8532E+03 1.723E-03 2.741E+03 1.153E-03 3.159E+03
 2.3772887E-02 1.2576660E+06 2.8635E+03 1.721E-03 2.748E+03 1.152E-03 3.173E+03
 2.3933890E-02 1.2636615E+06 2.8738E+03 1.720E-03 2.755E+03 1.152E-03 3.187E+03
 2.4095452E-02 1.2696779E+06 2.8841E+03 1.718E-03 2.762E+03 1.151E-03 3.201E+03
 2.4257574E-02 1.2757152E+06 2.8945E+03 1.717E-03 2.769E+03 1.151E-03 3.215E+03
 2.4420259E-02 1.2817734E+06 2.9049E+03 1.715E-03 2.776E+03 1.150E-03 3.229E+03
 2.4583508E-02 1.2878526E+06 2.9153E+03 1.713E-03 2.783E+03 1.150E-03 3.243E+03
 2.4747323E-02 1.2939529E+06 2.9258E+03 1.712E-03 2.790E+03 1.149E-03 3.257E+03
 2.4911705E-02 1.3000743E+06 2.9362E+03 1.710E-03 2.797E+03 1.149E-03 3.271E+03
 2.5076655E-02 1.3062169E+06 2.9467E+03 1.709E-03 2.804E+03 1.149E-03 3.286E+03
 2.5242176E-02 1.3123807E+06 2.9573E+03 1.707E-03 2.811E+03 1.148E-03 3.300E+03
 2.5408269E-02 1.3185658E+06 2.9678E+03 1.706E-03 2.818E+03 1.148E-03 3.314E+03
 2.5574935E-02 1.3247723E+06 2.9784E+03 1.704E-03 2.825E+03 1.147E-03 3.328E+03
 2.5742176E-02 1.3310002E+06 2.9890E+03 1.703E-03 2.832E+03 1.147E-03 3.343E+03
 2.5909994E-02 1.3372495E+06 2.9996E+03 1.701E-03 2.839E+03 1.146E-03 3.357E+03
 2.6078390E-02 1.3435204E+06 3.0103E+03 1.700E-03 2.847E+03 1.146E-03 3.371E+03
 2.6247365E-02 1.3498129E+06 3.0210E+03 1.698E-03 2.854E+03 1.145E-03 3.386E+03
 2.6416922E-02 1.3561270E+06 3.0317E+03 1.697E-03 2.861E+03 1.145E-03 3.400E+03
 2.6587063E-02 1.3624628E+06 3.0425E+03 1.695E-03 2.868E+03 1.144E-03 3.415E+03
 2.6757787E-02 1.3688205E+06 3.0532E+03 1.693E-03 2.876E+03 1.144E-03 3.429E+03
 2.6929098E-02 1.3751999E+06 3.0640E+03 1.692E-03 2.883E+03 1.144E-03 3.444E+03
 2.7100997E-02 1.3816012E+06 3.0748E+03 1.690E-03 2.890E+03 1.143E-03 3.459E+03
 2.7273485E-02 1.3880245E+06 3.0857E+03 1.689E-03 2.898E+03 1.143E-03 3.473E+03
 2.7446565E-02 1.3944698E+06 3.0966E+03 1.688E-03 2.905E+03 1.142E-03 3.488E+03
 2.7620236E-02 1.4009371E+06 3.1075E+03 1.686E-03 2.912E+03 1.142E-03 3.503E+03
 2.7794502E-02 1.4074266E+06 3.1184E+03 1.685E-03 2.920E+03 1.141E-03 3.518E+03
 2.7969364E-02 1.4139383E+06 3.1294E+03 1.683E-03 2.927E+03 1.141E-03 3.532E+03
 2.8144823E-02 1.4204722E+06 3.1404E+03 1.682E-03 2.935E+03 1.140E-03 3.547E+03
 2.8320882E-02 1.4270284E+06 3.1514E+03 1.680E-03 2.942E+03 1.140E-03 3.562E+03
 2.8497541E-02 1.4336070E+06 3.1625E+03 1.679E-03 2.950E+03 1.139E-03 3.577E+03
 2.8674802E-02 1.4402080E+06 3.1735E+03 1.677E-03 2.957E+03 1.139E-03 3.592E+03
 2.8852667E-02 1.4468315E+06 3.1846E+03 1.676E-03 2.965E+03 1.138E-03 3.607E+03
 2.9031138E-02 1.4534776E+06 3.1958E+03 1.674E-03 2.972E+03 1.138E-03 3.622E+03
 2.9210216E-02 1.4601463E+06 3.2069E+03 1.673E-03 2.980E+03 1.138E-03 3.637E+03
 2.9389903E-02 1.4668376E+06 3.2181E+03 1.671E-03 2.987E+03 1.137E-03 3.653E+03
 2.9570200E-02 1.4735517E+06 3.2293E+03 1.670E-03 2.995E+03 1.137E-03 3.668E+03
 2.9751109E-02 1.4802885E+06 3.2406E+03 1.669E-03 3.003E+03 1.136E-03 3.683E+03
 2.9932632E-02 1.4870483E+06 3.2519E+03 1.667E-03 3.010E+03 1.136E-03 3.698E+03
 3.0114770E-02 1.4938309E+06 3.2632E+03 1.666E-03 3.018E+03 1.135E-03 3.714E+03
 3.0297525E-02 1.5006365E+06 3.2745E+03 1.664E-03 3.026E+03 1.135E-03 3.729E+03
 3.0480899E-02 1.5074651E+06 3.2859E+03 1.663E-03 3.033E+03 1.134E-03 3.745E+03
 3.0664893E-02 1.5143169E+06 3.2972E+03 1.661E-03 3.041E+03 1.134E-03 3.760E+03
 3.0849509E-02 1.5211918E+06 3.3087E+03 1.660E-03 3.049E+03 1.133E-03 3.776E+03
 3.1034749E-02 1.5280899E+06 3.3201E+03 1.659E-03 3.057E+03 1.133E-03 3.791E+03
 3.1220613E-02 1.5350113E+06 3.3316E+03 1.657E-03 3.065E+03 1.132E-03 3.807E+03
 3.1407105E-02 1.5419560E+06 3.3431E+03 1.656E-03 3.073E+03 1.132E-03 3.822E+03
 3.1594225E-02 1.5489242E+06 3.3546E+03 1.654E-03 3.080E+03 1.131E-03 3.838E+03
 3.1781975E-02 1.5559158E+06 3.3662E+03 1.653E-03 3.088E+03 1.131E-03 3.854E+03
 3.1970357E-02 1.5629309E+06 3.3778E+03 1.652E-03 3.096E+03 1.130E-03 3.869E+03
 3.2159372E-02 1.5699697E+06 3.3894E+03 1.650E-03 3.104E+03 1.130E-03 3.885E+03
 3.2349023E-02 1.5770321E+06 3.4010E+03 1.649E-03 3.112E+03 1.130E-03 3.901E+03
 3.2539310E-02 1.5841182E+06 3.4127E+03 1.647E-03 3.120E+03 1.129E-03 3.917E+03
 3.2730236E-02 1.5912280E+06 3.4244E+03 1.646E-03 3.128E+03 1.129E-03 3.933E+03
 3.2921802E-02 1.5983617E+06 3.4362E+03 1.645E-03 3.136E+03 1.128E-03 3.949E+03
 3.3114010E-02 1.6055193E+06 3.4479E+03 1.643E-03 3.144E+03 1.128E-03 3.965E+03
 3.3306861E-02 1.6127009E+06 3.4597E+03 1.642E-03 3.152E+03 1.127E-03 3.981E+03
 3.3500358E-02 1.6199065E+06 3.4716E+03 1.641E-03 3.161E+03 1.127E-03 3.997E+03
 3.3694501E-02 1.6271362E+06 3.4834E+03 1.639E-03 3.169E+03 1.126E-03 4.013E+03
 3.3889293E-02 1.6343900E+06 3.4953E+03 1.638E-03 3.177E+03 1.126E-03 4.029E+03
 3.4084735E-02 1.6416681E+06 3.5072E+03 1.636E-03 3.185E+03 1.125E-03 4.046E+03
 3.4280829E-02 1.6489704E+06 3.5192E+03 1.635E-03 3.193E+03 1.125E-03 4.062E+03
 3.4477576E-02 1.6562971E+06 3.5311E+03 1.634E-03 3.202E+03 1.124E-03 4.078E+03
 3.4674979E-02 1.6636481E+06 3.5431E+03 1.632E-03 3.210E+03 1.124E-03 4.095E+03
 3.4873039E-02 1.6710237E+06 3.5552E+03 1.631E-03 3.218E+03 1.123E-03 4.111E+03
 3.5071757E-02 1.6784237E+06 3.5672E+03 1.630E-03 3.226E+03 1.123E-03 4.127E+03
 3.5271136E-02 1.6858484E+06 3.5793E+03 1.628E-03 3.235E+03 1.122E-03 4.144E+03
 3.5471177E-02 1.6932977E+06 3.5915E+03 1.627E-03 3.243E+03 1.122E-03 4.160E+03
 3.5671881E-02 1.7007717E+06 3.6036E+03 1.626E-03 3.252E+03 1.121E-03 4.177E+03
 3.5873251E-02 1.7082705E+06 3.6158E+03 1.624E-03 3.260E+03 1.121E-03 4.194E+03
 3.6075289E-02 1.7157942E+06 3.6280E+03 1.623E-03 3.268E+03 1.120E-03 4.210E+03
 3.6277995E-02 1.7233427E+06 3.6403E+03 1.622E-03 3.277E+03 1.120E-03 4.227E+03
 3.6481372E-02 1.7309163E+06 3.6525E+03 1.620E-03 3.285E+03 1.120E-03 4.244E+03
 3.6685421E-02 1.7385148E+06 3.6649E+03 1.619E-03 3.294E+03 1.119E-03 4.261E+03
 3.6890144E-02 1.7461385E+06 3.6772E+03 1.618E-03 3.302E+03 1.119E-03 4.277E+03
 3.7095543E-02 1.7537873E+06 3.6896E+03 1.617E-03 3.311E+03 1.118E-03 4.294E+03
 3.7301619E-02 1.7614614E+06 3.7020E+03 1.615E-03 3.319E+03 1.118E-03 4.311E+03
 3.7508375E-02 1.7691608E+06 3.7144E+03 1.614E-03 3.328E+03 1.117E-03 4.328E+03
 3.7715812E-02 1.7768855E+06 3.7269E+03 1.613E-03 3.337E+03 1.117E-03 4.345E+03
 3.7923931E-02 1.7846356E+06 3.7394E+03 1.611E-03 3.345E+03 1.116E-03 4.362E+03
 3.8132735E-02 1.7924113E+06 3.7519E+03 1.610E-03 3.354E+03 1.116E-03 4.379E+03
 3.8342225E-02 1.8002124E+06 3.7644E+03 1.609E-03 3.363E+03 1.115E-03 4.397E+03
 3.8552403E-02 1.8080392E+06 3.7770E+03 1.607E-03 3.371E+03 1.115E-03 4.414E+03
 3.8763271E-02 1.8158917E+06 3.7896E+03 1.606E-03 3.380E+03 1.114E-03 4.431E+03
 3.8974830E-02 1.8237700E+06 3.8023E+03 1.605E-03 3.389E+03 1.114E-03 4.448E+03
 3.9187082E-02 1.8316740E+06 3.8150E+03 1.604E-03 3.398E+03 1.113E-03 4.466E+03
 3.9400029E-02 1.8396039E+06 3.8277E+03 1.602E-03 3.407E+03 1.113E-03 4.483E+03
 3.9613672E-02 1.8475598E+06 3.8404E+03 1.601E-03 3.415E+03 1.112E-03 4.500E+03
 3.9828014E-02 1.8555416E+06 3.8532E+03 1.600E-03 3.424E+03 1.112E-03 4.518E+03
 4.0043057E-02 1.8635496E+06 3.8660E+03 1.598E-03 3.433E+03 1.111E-03 4.535E+03
 4.0258801E-02 1.8715837E+06 3.8788E+03 1.597E-03 3.442E+03 1.111E-03 4.553E+03
 4.0475249E-02 1.8796440E+06 3.8917E+03 1.596E-03 3.451E+03 1.110E-03 4.571E+03
 4.0692402E-02 1.8877305E+06 3.9046E+03 1.595E-03 3.460E+03 1.110E-03 4.588E+03
 4.0910263E-02 1.8958434E+06 3.9175E+03 1.593E-03 3.469E+03 1.109E-03 4.606E+03
 4.1128832E-02 1.9039827E+06 3.9305E+03 1.592E-03 3.478E+03 1.109E-03 4.624E+03
 4.1348112E-02 1.9121485E+06 3.9435E+03 1.591E-03 3.487E+03 1.108E-03 4.641E+03
 4.1568105E-02 1.9203408E+06 3.9565E+03 1.590E-03 3.496E+03 1.108E-03 4.659E+03
 4.1788813E-02 1.9285597E+06 3.9696E+03 1.588E-03 3.505E+03 1.107E-03 4.677E+03
 4.2010236E-02 1.9368052E+06 3.9827E+03 1.587E-03 3.514E+03 1.107E-03 4.695E+03
 4.2232377E-02 1.9450775E+06 3.9958E+03 1.586E-03 3.524E+03 1.106E-03 4.713E+03
 4.2455238E-02 1.9533766E+06 4.0090E+03 1.585E-03 3.533E+03 1.106E-03 4.731E+03
 4.2678820E-02 1.9617026E+06 4.0221E+03 1.583E-03 3.542E+03 1.105E-03 4.749E+03
 4.2903126E-02 1.9700555E+06 4.0354E+03 1.582E-03 3.551E+03 1.105E-03 4.767E+03
 4.3128156E-02 1.9784354E+06 4.0486E+03 1.581E-03 3.561E+03 1.104E-03 4.786E+03
 4.3353914E-02 1.9868423E+06 4.0619E+03 1.580E-03 3.570E+03 1.104E-03 4.804E+03
 4.3580400E-02 1.9952764E+06 4.0752E+03 1.578E-03 3.579E+03 1.104E-03 4.822E+03
 4.3807616E-02 2.0037377E+06 4.0886E+03 1.577E-03 3.588E+03 1.103E-03 4.840E+03
 4.4035565E-02 2.0122263E+06 4.1020E+03 1.576E-03 3.598E+03 1.103E-03 4.859E+03
 4.4264248E-02 2.0207422E+06 4.1154E+03 1.575E-03 3.607E+03 1.102E-03 4.877E+03
 4.4493667E-02 2.0292855E+06 4.1288E+03 1.573E-03 3.617E+03 1.102E-03 4.895E+03
 4.4723823E-02 2.0378563E+06 4.1423E+03 1.572E-03 3.626E+03 1.101E-03 4.914E+03
 4.4954719E-02 2.0464546E+06 4.1558E+03 1.571E-03 3.636E+03 1.101E-03 4.933E+03
 4.5186356E-02 2.0550805E+06 4.1694E+03 1.570E-03 3.645E+03 1.100E-03 4.951E+03
 4.5418737E-02 2.0637341E+06 4.1829E+03 1.569E-03 3.655E+03 1.100E-03 4.970E+03
 4.5651862E-02 2.0724155E+06 4.1966E+03 1.567E-03 3.664E+03 1.099E-03 4.988E+03
 4.5885734E-02 2.0811246E+06 4.2102E+03 1.566E-03 3.674E+03 1.099E-03 5.007E+03
 4.6120355E-02 2.0898616E+06 4.2239E+03 1.565E-03 3.683E+03 1.098E-03 5.026E+03
 4.6355726E-02 2.0986266E+06 4.2376E+03 1.564E-03 3.693E+03 1.098E-03 5.045E+03
 4.6591850E-02 2.1074196E+06 4.2513E+03 1.563E-03 3.702E+03 1.097E-03 5.064E+03
 4.6828727E-02 2.1162407E+06 4.2651E+03 1.561E-03 3.712E+03 1.097E-03 5.083E+03
 4.7066361E-02 2.1250899E+06 4.2789E+03 1.560E-03 3.722E+03 1.096E-03 5.102E+03
 4.7304752E-02 2.1339673E+06 4.2928E+03 1.559E-03 3.732E+03 1.096E-03 5.121E+03
 4.7543903E-02 2.1428730E+06 4.3067E+03 1.558E-03 3.741E+03 1.095E-03 5.140E+03
 4.7783816E-02 2.1518071E+06 4.3206E+03 1.557E-03 3.751E+03 1.095E-03 5.159E+03
 4.8024492E-02 2.1607697E+06 4.3345E+03 1.555E-03 3.761E+03 1.094E-03 5.178E+03
 4.8265933E-02 2.1697607E+06 4.3485E+03 1.554E-03 3.771E+03 1.094E-03 5.197E+03
 4.8508142E-02 2.1787802E+06 4.3625E+03 1.553E-03 3.781E+03 1.093E-03 5.217E+03
 4.8751119E-02 2.1878285E+06 4.3766E+03 1.552E-03 3.791E+03 1.093E-03 5.236E+03
 4.8994867E-02 2.1969054E+06 4.3906E+03 1.551E-03 3.800E+03 1.092E-03 5.255E+03
 4.9239388E-02 2.2060111E+06 4.4048E+03 1.550E-03 3.810E+03 1.092E-03 5.275E+03
 4.9484683E-02 2.2151456E+06 4.4189E+03 1.548E-03 3.820E+03 1.091E-03 5.294E+03
 4.9730755E-02 2.2243090E+06 4.4331E+03 1.547E-03 3.830E+03 1.091E-03 5.314E+03
 4.9977604E-02 2.2335015E+06 4.4473E+03 1.546E-03 3.840E+03 1.090E-03 5.333E+03
 5.0225235E-02 2.2427229E+06 4.4616E+03 1.545E-03 3.850E+03 1.090E-03 5.353E+03
 5.0473647E-02 2.2519735E+06 4.4758E+03 1.544E-03 3.861E+03 1.089E-03 5.372E+03
 5.0722843E-02 2.2612533E+06 4.4902E+03 1.543E-03 3.871E+03 1.089E-03 5.392E+03
 5.0972825E-02 2.2705624E+06 4.5045E+03 1.541E-03 3.881E+03 1.088E-03 5.412E+03
 5.1223595E-02 2.2799008E+06 4.5189E+03 1.540E-03 3.891E+03 1.088E-03 5.432E+03
 5.1475154E-02 2.2892686E+06 4.5333E+03 1.539E-03 3.901E+03 1.087E-03 5.452E+03
 5.1727505E-02 2.2986659E+06 4.5478E+03 1.538E-03 3.911E+03 1.087E-03 5.472E+03
 5.1980649E-02 2.3080927E+06 4.5623E+03 1.537E-03 3.922E+03 1.086E-03 5.492E+03
 5.2234588E-02 2.3175491E+06 4.5768E+03 1.536E-03 3.932E+03 1.086E-03 5.512E+03
 5.2489325E-02 2.3270352E+06 4.5914E+03 1.534E-03 3.942E+03 1.085E-03 5.532E+03
 5.2744861E-02 2.3365511E+06 4.6060E+03 1.533E-03 3.952E+03 1.085E-03 5.552E+03
 5.3001198E-02 2.3460968E+06 4.6206E+03 1.532E-03 3.963E+03 1.084E-03 5.572E+03
 5.3258338E-02 2.3556724E+06 4.6353E+03 1.531E-03 3.973E+03 1.084E-03 5.592E+03
 5.3516282E-02 2.3652780E+06 4.6500E+03 1.530E-03 3.984E+03 1.083E-03 5.612E+03
 5.3775034E-02 2.3749136E+06 4.6647E+03 1.529E-03 3.994E+03 1.083E-03 5.633E+03
 5.4034594E-02 2.3845794E+06 4.6795E+03 1.528E-03 4.005E+03 1.083E-03 5.653E+03
 5.4294964E-02 2.3942753E+06 4.6943E+03 1.527E-03 4.015E+03 1.082E-03 5.674E+03
 5.4556148E-02 2.4040015E+06 4.7091E+03 1.525E-03 4.026E+03 1.082E-03 5.694E+03
 5.4818146E-02 2.4137580E+06 4.7240E+03 1.524E-03 4.036E+03 1.081E-03 5.715E+03
 5.5080960E-02 2.4235449E+06 4.7389E+03 1.523E-03 4.047E+03 1.081E-03 5.735E+03
 5.5344592E-02 2.4333623E+06 4.7539E+03 1.522E-03 4.057E+03 1.080E-03 5.756E+03
 5.5609045E-02 2.4432103E+06 4.7689E+03 1.521E-03 4.068E+03 1.080E-03 5.777E+03
 5.5874320E-02 2.4530888E+06 4.7839E+03 1.520E-03 4.079E+03 1.079E-03 5.797E+03
 5.6140420E-02 2.4629981E+06 4.7989E+03 1.519E-03 4.089E+03 1.079E-03 5.818E+03
 5.6407345E-02 2.4729381E+06 4.8140E+03 1.518E-03 4.100E+03 1.078E-03 5.839E+03
 5.6675099E-02 2.4829089E+06 4.8291E+03 1.516E-03 4.111E+03 1.078E-03 5.860E+03
 5.6943683E-02 2.4929107E+06 4.8443E+03 1.515E-03 4.122E+03 1.077E-03 5.881E+03
 5.7213098E-02 2.5029435E+06 4.8595E+03 1.514E-03 4.132E+03 1.077E-03 5.902E+03
 5.7483348E-02 2.5130073E+06 4.8747E+03 1.513E-03 4.143E+03 1.076E-03 5.923E+03
 5.7754433E-02 2.5231022E+06 4.8900E+03 1.512E-03 4.154E+03 1.076E-03 5.944E+03
 5.8026357E-02 2.5332283E+06 4.9053E+03 1.511E-03 4.165E+03 1.075E-03 5.965E+03
 5.8299120E-02 2.5433858E+06 4.9207E+03 1.510E-03 4.176E+03 1.075E-03 5.986E+03
 5.8572725E-02 2.5535745E+06 4.9360E+03 1.509E-03 4.187E+03 1.074E-03 6.008E+03
 5.8847175E-02 2.5637947E+06 4.9514E+03 1.508E-03 4.198E+03 1.074E-03 6.029E+03
 5.9122469E-02 2.5740464E+06 4.9669E+03 1.507E-03 4.209E+03 1.073E-03 6.050E+03
 5.9398612E-02 2.5843296E+06 4.9824E+03 1.505E-03 4.220E+03 1.073E-03 6.072E+03
 5.9675605E-02 2.5946445E+06 4.9979E+03 1.504E-03 4.231E+03 1.072E-03 6.093E+03
 5.9953449E-02 2.6049912E+06 5.0135E+03 1.503E-03 4.242E+03 1.072E-03 6.115E+03
 6.0232147E-02 2.6153696E+06 5.0291E+03 1.502E-03 4.253E+03 1.071E-03 6.136E+03
 6.0511701E-02 2.6257799E+06 5.0447E+03 1.501E-03 4.264E+03 1.071E-03 6.158E+03
 6.0792112E-02 2.6362221E+06 5.0604E+03 1.500E-03 4.275E+03 1.070E-03 6.180E+03
 6.1073383E-02 2.6466963E+06 5.0761E+03 1.499E-03 4.287E+03 1.070E-03 6.201E+03
 6.1355516E-02 2.6572027E+06 5.0918E+03 1.498E-03 4.298E+03 1.069E-03 6.223E+03
 6.1638513E-02 2.6677412E+06 5.1076E+03 1.497E-03 4.309E+03 1.069E-03 6.245E+03
 6.1922376E-02 2.6783119E+06 5.1234E+03 1.496E-03 4.320E+03 1.068E-03 6.267E+03
 6.2207106E-02 2.6889150E+06 5.1393E+03 1.495E-03 4.332E+03 1.068E-03 6.289E+03
 6.2492707E-02 2.6995504E+06 5.1552E+03 1.494E-03 4.343E+03 1.067E-03 6.311E+03
 6.2779179E-02 2.7102183E+06 5.1711E+03 1.493E-03 4.354E+03 1.067E-03 6.333E+03
 6.3066525E-02 2.7209188E+06 5.1871E+03 1.491E-03 4.366E+03 1.066E-03 6.355E+03
 6.3354747E-02 2.7316518E+06 5.2031E+03 1.490E-03 4.377E+03 1.066E-03 6.377E+03
 6.3643847E-02 2.7424176E+06 5.2191E+03 1.489E-03 4.389E+03 1.066E-03 6.399E+03
 6.3933827E-02 2.7532162E+06 5.2352E+03 1.488E-03 4.400E+03 1.065E-03 6.422E+03
 6.4224688E-02 2.7640475E+06 5.2513E+03 1.487E-03 4.412E+03 1.065E-03 6.444E+03
 6.4516434E-02 2.7749118E+06 5.2674E+03 1.486E-03 4.423E+03 1.064E-03 6.466E+03
 6.4809066E-02 2.7858091E+06 5.2836E+03 1.485E-03 4.435E+03 1.064E-03 6.489E+03
 6.5102586E-02 2.7967395E+06 5.2999E+03 1.484E-03 4.447E+03 1.063E-03 6.511E+03
 6.5396997E-02 2.8077030E+06 5.3161E+03 1.483E-03 4.458E+03 1.063E-03 6.534E+03
 6.5692299E-02 2.8186998E+06 5.3324E+03 1.482E-03 4.470E+03 1.062E-03 6.557E+03
 6.5988496E-02 2.8297298E+06 5.3488E+03 1.481E-03 4.482E+03 1.062E-03 6.579E+03
 6.6285589E-02 2.8407933E+06 5.3651E+03 1.480E-03 4.493E+03 1.061E-03 6.602E+03
 6.6583581E-02 2.8518902E+06 5.3816E+03 1.479E-03 4.505E+03 1.061E-03 6.625E+03
 6.6882473E-02 2.8630206E+06 5.3980E+03 1.478E-03 4.517E+03 1.060E-03 6.648E+03
 6.7182268E-02 2.8741846E+06 5.4145E+03 1.477E-03 4.529E+03 1.060E-03 6.671E+03
 6.7482967E-02 2.8853823E+06 5.4310E+03 1.476E-03 4.541E+03 1.059E-03 6.693E+03
 6.7784573E-02 2.8966138E+06 5.4476E+03 1.475E-03 4.553E+03 1.059E-03 6.717E+03
 6.8087088E-02 2.9078791E+06 5.4642E+03 1.474E-03 4.565E+03 1.058E-03 6.740E+03
 6.8390514E-02 2.9191784E+06 5.4809E+03 1.473E-03 4.576E+03 1.058E-03 6.763E+03
 6.8694852E-02 2.9305116E+06 5.4975E+03 1.472E-03 4.588E+03 1.057E-03 6.786E+03
 6.9000106E-02 2.9418789E+06 5.5143E+03 1.471E-03 4.600E+03 1.057E-03 6.809E+03
 6.9306277E-02 2.9532804E+06 5.5310E+03 1.469E-03 4.613E+03 1.056E-03 6.832E+03
 6.9613369E-02 2.9647162E+06 5.5478E+03 1.468E-03 4.625E+03 1.056E-03 6.856E+03
 6.9921383E-02 2.9761863E+06 5.5647E+03 1.467E-03 4.637E+03 1.055E-03 6.879E+03
 7.0230323E-02 2.9876909E+06 5.5815E+03 1.466E-03 4.649E+03 1.055E-03 6.903E+03
 7.0540191E-02 2.9992300E+06 5.5985E+03 1.465E-03 4.661E+03 1.054E-03 6.926E+03
 7.0850989E-02 3.0108038E+06 5.6154E+03 1.464E-03 4.673E+03 1.054E-03 6.950E+03
 7.1162721E-02 3.0224124E+06 5.6324E+03 1.463E-03 4.685E+03 1.054E-03 6.973E+03
 7.1475389E-02 3.0340558E+06 5.6494E+03 1.462E-03 4.698E+03 1.053E-03 6.997E+03
 7.1788995E-02 3.0457342E+06 5.6665E+03 1.461E-03 4.710E+03 1.053E-03 7.021E+03
 7.2103543E-02 3.0574476E+06 5.6836E+03 1.460E-03 4.722E+03 1.052E-03 7.045E+03
 7.2419035E-02 3.0691962E+06 5.7008E+03 1.459E-03 4.735E+03 1.052E-03 7.069E+03
 7.2735474E-02 3.0809800E+06 5.7180E+03 1.458E-03 4.747E+03 1.051E-03 7.093E+03
 7.3052862E-02 3.0927992E+06 5.7352E+03 1.457E-03 4.760E+03 1.051E-03 7.117E+03
 7.3371202E-02 3.1046539E+06 5.7525E+03 1.456E-03 4.772E+03 1.050E-03 7.141E+03
 7.3690497E-02 3.1165441E+06 5.7698E+03 1.455E-03 4.784E+03 1.050E-03 7.165E+03
 7.4010750E-02 3.1284699E+06 5.7871E+03 1.455E-03 4.797E+03 1.049E-03 7.190E+03
 7.4331963E-02 3.1404316E+06 5.8045E+03 1.454E-03 4.810E+03 1.049E-03 7.214E+03
 7.4654139E-02 3.1524290E+06 5.8220E+03 1.453E-03 4.822E+03 1.048E-03 7.238E+03
 7.4977280E-02 3.1644625E+06 5.8394E+03 1.452E-03 4.835E+03 1.048E-03 7.263E+03
 7.5301391E-02 3.1765320E+06 5.8570E+03 1.451E-03 4.847E+03 1.048E-03 7.288E+03
 7.5626472E-02 3.1886377E+06 5.8745E+03 1.450E-03 4.860E+03 1.047E-03 7.312E+03
 7.5952528E-02 3.2007797E+06 5.8921E+03 1.449E-03 4.873E+03 1.047E-03 7.337E+03
 7.6279560E-02 3.2129580E+06 5.9097E+03 1.448E-03 4.886E+03 1.046E-03 7.362E+03
 7.6607572E-02 3.2251728E+06 5.9274E+03 1.447E-03 4.898E+03 1.046E-03 7.387E+03
 7.6936567E-02 3.2374242E+06 5.9451E+03 1.446E-03 4.911E+03 1.045E-03 7.412E+03
 7.7266547E-02 3.2497123E+06 5.9629E+03 1.445E-03 4.924E+03 1.045E-03 7.437E+03
 7.7597514E-02 3.2620372E+06 5.9807E+03 1.444E-03 4.937E+03 1.044E-03 7.462E+03
 7.7875000E-02 3.2723705E+06 5.9956E+03 1.443E-03 4.948E+03 1.044E-03 7.483E+03
