   s200_5.dat, turb ml, flat plate, Ts(x)                                  
   scaling factor for x/s, s=  1.0000E+00
   constant props, csubp =  2140.00 htc based on (ts-tinf)
        intg  x/s            htc         qflux       ts          tinf
           5  5.3801819E-03  3.0177E+04 -1.5089E+05  2.9500E+02  3.0000E+02
          50  5.4656449E-03  3.0195E+04 -1.5098E+05  2.9500E+02  3.0000E+02
         100  5.5609031E-03  3.0196E+04 -1.5098E+05  2.9500E+02  3.0000E+02
         150  5.6565034E-03  3.0196E+04 -1.5098E+05  2.9500E+02  3.0000E+02
         200  5.7524587E-03  3.0194E+04 -1.5097E+05  2.9500E+02  3.0000E+02
         250  5.8487747E-03  3.0190E+04 -1.5095E+05  2.9500E+02  3.0000E+02
         300  5.9454524E-03  3.0183E+04 -1.5092E+05  2.9500E+02  3.0000E+02
         350  6.0424907E-03  3.0175E+04 -1.5087E+05  2.9500E+02  3.0000E+02
         400  6.1398869E-03  3.0166E+04 -1.5083E+05  2.9500E+02  3.0000E+02
         450  6.2376380E-03  3.0156E+04 -1.5078E+05  2.9500E+02  3.0000E+02
         500  6.3357731E-03  3.0146E+04 -1.5073E+05  2.9500E+02  3.0000E+02
         550  6.4343062E-03  3.0137E+04 -1.5069E+05  2.9500E+02  3.0000E+02
         600  6.5332302E-03  3.0128E+04 -1.5064E+05  2.9500E+02  3.0000E+02
         650  6.6325388E-03  3.0120E+04 -1.5060E+05  2.9500E+02  3.0000E+02
         700  6.7322265E-03  3.0113E+04 -1.5056E+05  2.9500E+02  3.0000E+02
         750  6.8322881E-03  3.0106E+04 -1.5053E+05  2.9500E+02  3.0000E+02
         800  6.9327188E-03  3.0100E+04 -1.5050E+05  2.9500E+02  3.0000E+02
         850  7.0335144E-03  3.0094E+04 -1.5047E+05  2.9500E+02  3.0000E+02
         900  7.1346710E-03  3.0088E+04 -1.5044E+05  2.9500E+02  3.0000E+02
         950  7.2361846E-03  3.0083E+04 -1.5042E+05  2.9500E+02  3.0000E+02
        1000  7.3380521E-03  3.0078E+04 -1.5039E+05  2.9500E+02  3.0000E+02
        1050  7.4402789E-03  3.0073E+04 -1.5037E+05  2.9500E+02  3.0000E+02
        1100  7.5429013E-03  3.0069E+04 -1.5034E+05  2.9500E+02  3.0000E+02
        1150  7.6459190E-03  3.0064E+04 -1.5032E+05  2.9500E+02  3.0000E+02
        1200  7.7493272E-03  3.0060E+04 -1.5030E+05  2.9500E+02  3.0000E+02
        1250  7.8531213E-03  3.0056E+04 -1.5028E+05  2.9500E+02  3.0000E+02
        1300  7.9572972E-03  3.0051E+04 -1.5026E+05  2.9500E+02  3.0000E+02
        1350  8.0618512E-03  3.0047E+04 -1.5024E+05  2.9500E+02  3.0000E+02
        1400  8.1667795E-03  3.0043E+04 -1.5021E+05  2.9500E+02  3.0000E+02
        1450  8.2720789E-03  3.0038E+04 -1.5019E+05  2.9500E+02  3.0000E+02
        1500  8.3777461E-03  3.0034E+04 -1.5017E+05  2.9500E+02  3.0000E+02
        1550  8.4837782E-03  3.0029E+04 -1.5015E+05  2.9500E+02  3.0000E+02
        1600  8.5901726E-03  3.0025E+04 -1.5012E+05  2.9500E+02  3.0000E+02
        1650  8.6969588E-03  3.0020E+04 -1.5010E+05  2.9500E+02  3.0000E+02
        1700  8.8041545E-03  3.0015E+04 -1.5007E+05  2.9500E+02  3.0000E+02
        1750  8.9117554E-03  3.0010E+04 -1.5005E+05  2.9500E+02  3.0000E+02
        1800  9.0197571E-03  3.0004E+04 -1.5002E+05  2.9500E+02  3.0000E+02
        1850  9.1281557E-03  2.9999E+04 -1.5000E+05  2.9500E+02  3.0000E+02
        1900  9.2369479E-03  2.9994E+04 -1.4997E+05  2.9500E+02  3.0000E+02
        1950  9.3461307E-03  2.9988E+04 -1.4994E+05  2.9500E+02  3.0000E+02
        2000  9.4557015E-03  2.9982E+04 -1.4991E+05  2.9500E+02  3.0000E+02
        2050  9.5656586E-03  2.9977E+04 -1.4988E+05  2.9500E+02  3.0000E+02
        2100  9.6760008E-03  2.9971E+04 -1.4985E+05  2.9500E+02  3.0000E+02
        2150  9.7867275E-03  2.9965E+04 -1.4982E+05  2.9500E+02  3.0000E+02
        2200  9.8978389E-03  2.9959E+04 -1.4979E+05  2.9500E+02  3.0000E+02
        2250  1.0009340E-02  2.9953E+04 -1.4976E+05  2.9500E+02  3.0000E+02
        2300  1.0121256E-02  2.9946E+04 -1.4973E+05  2.9500E+02  3.0000E+02
        2350  1.0233591E-02  2.9940E+04 -1.4970E+05  2.9500E+02  3.0000E+02
        2400  1.0346342E-02  2.9934E+04 -1.4967E+05  2.9500E+02  3.0000E+02
        2450  1.0459509E-02  2.9927E+04 -1.4964E+05  2.9500E+02  3.0000E+02
        2500  1.0573091E-02  2.9921E+04 -1.4960E+05  2.9500E+02  3.0000E+02
        2550  1.0687089E-02  2.9914E+04 -1.4957E+05  2.9500E+02  3.0000E+02
        2600  1.0801503E-02  2.9907E+04 -1.4954E+05  2.9500E+02  3.0000E+02
        2650  1.0916333E-02  2.9900E+04 -1.4950E+05  2.9500E+02  3.0000E+02
        2700  1.1031581E-02  2.9894E+04 -1.4947E+05  2.9500E+02  3.0000E+02
        2750  1.1147247E-02  2.9887E+04 -1.4943E+05  2.9500E+02  3.0000E+02
        2800  1.1263333E-02  2.9880E+04 -1.4940E+05  2.9500E+02  3.0000E+02
        2850  1.1379839E-02  2.9873E+04 -1.4936E+05  2.9500E+02  3.0000E+02
        2900  1.1496768E-02  2.9866E+04 -1.4933E+05  2.9500E+02  3.0000E+02
        2950  1.1614119E-02  2.9858E+04 -1.4929E+05  2.9500E+02  3.0000E+02
        3000  1.1731896E-02  2.9851E+04 -1.4926E+05  2.9500E+02  3.0000E+02
        3050  1.1850098E-02  2.9844E+04 -1.4922E+05  2.9500E+02  3.0000E+02
        3100  1.1968728E-02  2.9837E+04 -1.4918E+05  2.9500E+02  3.0000E+02
        3150  1.2087787E-02  2.9829E+04 -1.4915E+05  2.9500E+02  3.0000E+02
        3200  1.2207277E-02  2.9822E+04 -1.4911E+05  2.9500E+02  3.0000E+02
        3250  1.2327198E-02  2.9814E+04 -1.4907E+05  2.9500E+02  3.0000E+02
        3300  1.2447552E-02  2.9806E+04 -1.4903E+05  2.9500E+02  3.0000E+02
        3350  1.2568341E-02  2.9799E+04 -1.4899E+05  2.9500E+02  3.0000E+02
        3400  1.2689567E-02  2.9791E+04 -1.4895E+05  2.9500E+02  3.0000E+02
        3450  1.2811230E-02  2.9783E+04 -1.4891E+05  2.9500E+02  3.0000E+02
        3500  1.2933333E-02  2.9775E+04 -1.4887E+05  2.9500E+02  3.0000E+02
        3550  1.3055876E-02  2.9767E+04 -1.4883E+05  2.9500E+02  3.0000E+02
        3600  1.3178861E-02  2.9759E+04 -1.4879E+05  2.9500E+02  3.0000E+02
        3650  1.3302290E-02  2.9751E+04 -1.4875E+05  2.9500E+02  3.0000E+02
        3700  1.3426165E-02  2.9743E+04 -1.4871E+05  2.9500E+02  3.0000E+02
        3750  1.3550486E-02  2.9734E+04 -1.4867E+05  2.9500E+02  3.0000E+02
        3800  1.3675255E-02  2.9726E+04 -1.4863E+05  2.9500E+02  3.0000E+02
        3850  1.3800474E-02  2.9717E+04 -1.4859E+05  2.9500E+02  3.0000E+02
        3900  1.3926144E-02  2.9709E+04 -1.4854E+05  2.9500E+02  3.0000E+02
        3950  1.4052266E-02  2.9700E+04 -1.4850E+05  2.9500E+02  3.0000E+02
        4000  1.4178843E-02  2.9692E+04 -1.4846E+05  2.9500E+02  3.0000E+02
        4050  1.4305876E-02  2.9683E+04 -1.4842E+05  2.9500E+02  3.0000E+02
        4100  1.4433365E-02  2.9674E+04 -1.4837E+05  2.9500E+02  3.0000E+02
        4150  1.4561313E-02  2.9666E+04 -1.4833E+05  2.9500E+02  3.0000E+02
        4200  1.4689722E-02  2.9657E+04 -1.4828E+05  2.9500E+02  3.0000E+02
        4250  1.4818592E-02  2.9648E+04 -1.4824E+05  2.9500E+02  3.0000E+02
        4300  1.4947925E-02  2.9639E+04 -1.4819E+05  2.9500E+02  3.0000E+02
        4350  1.5077722E-02  2.9630E+04 -1.4815E+05  2.9500E+02  3.0000E+02
        4400  1.5207986E-02  2.9621E+04 -1.4810E+05  2.9500E+02  3.0000E+02
        4450  1.5338718E-02  2.9612E+04 -1.4806E+05  2.9500E+02  3.0000E+02
        4500  1.5469918E-02  2.9603E+04 -1.4801E+05  2.9500E+02  3.0000E+02
        4550  1.5601589E-02  2.9593E+04 -1.4797E+05  2.9500E+02  3.0000E+02
        4600  1.5733733E-02  2.9584E+04 -1.4792E+05  2.9500E+02  3.0000E+02
        4650  1.5866350E-02  2.9575E+04 -1.4787E+05  2.9500E+02  3.0000E+02
        4700  1.5999442E-02  2.9565E+04 -1.4783E+05  2.9500E+02  3.0000E+02
        4750  1.6133010E-02  2.9556E+04 -1.4778E+05  2.9500E+02  3.0000E+02
        4800  1.6267057E-02  2.9547E+04 -1.4773E+05  2.9500E+02  3.0000E+02
        4850  1.6401583E-02  2.9537E+04 -1.4768E+05  2.9500E+02  3.0000E+02
        4900  1.6536591E-02  2.9527E+04 -1.4764E+05  2.9500E+02  3.0000E+02
        4950  1.6672081E-02  2.9518E+04 -1.4759E+05  2.9500E+02  3.0000E+02
        5000  1.6808055E-02  2.9508E+04 -1.4754E+05  2.9500E+02  3.0000E+02
        5050  1.6944514E-02  2.9498E+04 -1.4749E+05  2.9500E+02  3.0000E+02
        5100  1.7081461E-02  2.9489E+04 -1.4744E+05  2.9500E+02  3.0000E+02
        5150  1.7218897E-02  2.9479E+04 -1.4739E+05  2.9500E+02  3.0000E+02
        5200  1.7356823E-02  2.9469E+04 -1.4735E+05  2.9500E+02  3.0000E+02
        5250  1.7495240E-02  2.9459E+04 -1.4730E+05  2.9500E+02  3.0000E+02
        5300  1.7634150E-02  2.9449E+04 -1.4725E+05  2.9500E+02  3.0000E+02
        5350  1.7773556E-02  2.9439E+04 -1.4720E+05  2.9500E+02  3.0000E+02
        5400  1.7913457E-02  2.9429E+04 -1.4715E+05  2.9500E+02  3.0000E+02
        5450  1.8053856E-02  2.9419E+04 -1.4710E+05  2.9500E+02  3.0000E+02
        5500  1.8194754E-02  2.9409E+04 -1.4705E+05  2.9500E+02  3.0000E+02
        5550  1.8336153E-02  2.9399E+04 -1.4699E+05  2.9500E+02  3.0000E+02
        5600  1.8478055E-02  2.9389E+04 -1.4694E+05  2.9500E+02  3.0000E+02
        5650  1.8620460E-02  2.9379E+04 -1.4689E+05  2.9500E+02  3.0000E+02
        5700  1.8763370E-02  2.9368E+04 -1.4684E+05  2.9500E+02  3.0000E+02
        5750  1.8906787E-02  2.9358E+04 -1.4679E+05  2.9500E+02  3.0000E+02
        5800  1.9050713E-02  2.9348E+04 -1.4674E+05  2.9500E+02  3.0000E+02
        5850  1.9195148E-02  2.9337E+04 -1.4669E+05  2.9500E+02  3.0000E+02
        5900  1.9340095E-02  2.9327E+04 -1.4664E+05  2.9500E+02  3.0000E+02
        5950  1.9485554E-02  2.9317E+04 -1.4658E+05  2.9500E+02  3.0000E+02
        6000  1.9631528E-02  2.9306E+04 -1.4653E+05  2.9500E+02  3.0000E+02
        6050  1.9778018E-02  2.9296E+04 -1.4648E+05  2.9500E+02  3.0000E+02
        6100  1.9925026E-02  2.9285E+04 -1.4643E+05  2.9500E+02  3.0000E+02
        6150  2.0072552E-02  2.9275E+04 -1.4637E+05  2.9500E+02  3.0000E+02
        6200  2.0220599E-02  2.9264E+04 -1.4632E+05  2.9500E+02  3.0000E+02
        6250  2.0369168E-02  2.9254E+04 -1.4627E+05  2.9500E+02  3.0000E+02
        6300  2.0518261E-02  2.9243E+04 -1.4621E+05  2.9500E+02  3.0000E+02
        6350  2.0667878E-02  2.9232E+04 -1.4616E+05  2.9500E+02  3.0000E+02
        6400  2.0818023E-02  2.9221E+04 -1.4611E+05  2.9500E+02  3.0000E+02
        6450  2.0968696E-02  2.9211E+04 -1.4605E+05  2.9500E+02  3.0000E+02
        6500  2.1119898E-02  2.9200E+04 -1.4600E+05  2.9500E+02  3.0000E+02
        6550  2.1271632E-02  2.9189E+04 -1.4595E+05  2.9500E+02  3.0000E+02
        6600  2.1423898E-02  2.9178E+04 -1.4589E+05  2.9500E+02  3.0000E+02
        6650  2.1576699E-02  2.9168E+04 -1.4584E+05  2.9500E+02  3.0000E+02
        6700  2.1730036E-02  2.9157E+04 -1.4578E+05  2.9500E+02  3.0000E+02
        6750  2.1883910E-02  2.9146E+04 -1.4573E+05  2.9500E+02  3.0000E+02
        6800  2.2038323E-02  2.9135E+04 -1.4567E+05  2.9500E+02  3.0000E+02
        6850  2.2193277E-02  2.9124E+04 -1.4562E+05  2.9500E+02  3.0000E+02
        6900  2.2348773E-02  2.9113E+04 -1.4556E+05  2.9500E+02  3.0000E+02
        6950  2.2504812E-02  2.9102E+04 -1.4551E+05  2.9500E+02  3.0000E+02
        7000  2.2661397E-02  2.9091E+04 -1.4545E+05  2.9500E+02  3.0000E+02
        7050  2.2818529E-02  2.9080E+04 -1.4540E+05  2.9500E+02  3.0000E+02
        7100  2.2976209E-02  2.9069E+04 -1.4534E+05  2.9500E+02  3.0000E+02
        7150  2.3134438E-02  2.9058E+04 -1.4529E+05  2.9500E+02  3.0000E+02
        7200  2.3293219E-02  2.9047E+04 -1.4523E+05  2.9500E+02  3.0000E+02
        7250  2.3452554E-02  2.9036E+04 -1.4518E+05  2.9500E+02  3.0000E+02
        7300  2.3612442E-02  2.9024E+04 -1.4512E+05  2.9500E+02  3.0000E+02
        7350  2.3772887E-02  2.9013E+04 -1.4507E+05  2.9500E+02  3.0000E+02
        7400  2.3933890E-02  2.9002E+04 -1.4501E+05  2.9500E+02  3.0000E+02
        7450  2.4095452E-02  2.8991E+04 -1.4495E+05  2.9500E+02  3.0000E+02
        7500  2.4257574E-02  2.8980E+04 -1.4490E+05  2.9500E+02  3.0000E+02
        7550  2.4420259E-02  2.8968E+04 -1.4484E+05  2.9500E+02  3.0000E+02
        7600  2.4583508E-02  2.8957E+04 -1.4478E+05  2.9500E+02  3.0000E+02
        7650  2.4747323E-02  2.8946E+04 -1.4473E+05  2.9500E+02  3.0000E+02
        7700  2.4911705E-02  2.8934E+04 -1.4467E+05  2.9500E+02  3.0000E+02
        7750  2.5076655E-02  2.8923E+04 -1.4461E+05  2.9500E+02  3.0000E+02
        7800  2.5242176E-02  2.8912E+04 -1.4456E+05  2.9500E+02  3.0000E+02
        7850  2.5408269E-02  2.8900E+04 -1.4450E+05  2.9500E+02  3.0000E+02
        7900  2.5574935E-02  2.8889E+04 -1.4444E+05  2.9500E+02  3.0000E+02
        7950  2.5742176E-02  2.8877E+04 -1.4439E+05  2.9500E+02  3.0000E+02
        8000  2.5909994E-02  2.8866E+04 -1.4433E+05  2.9500E+02  3.0000E+02
        8050  2.6078390E-02  2.8855E+04 -1.4427E+05  2.9500E+02  3.0000E+02
        8100  2.6247365E-02  2.8843E+04 -1.4422E+05  2.9500E+02  3.0000E+02
        8150  2.6416922E-02  2.8832E+04 -1.4416E+05  2.9500E+02  3.0000E+02
        8200  2.6587063E-02  2.8820E+04 -1.4410E+05  2.9500E+02  3.0000E+02
        8250  2.6757787E-02  2.8809E+04 -1.4404E+05  2.9500E+02  3.0000E+02
        8300  2.6929098E-02  2.8797E+04 -1.4398E+05  2.9500E+02  3.0000E+02
        8350  2.7100997E-02  2.8785E+04 -1.4393E+05  2.9500E+02  3.0000E+02
        8400  2.7273485E-02  2.8774E+04 -1.4387E+05  2.9500E+02  3.0000E+02
        8450  2.7446565E-02  2.8762E+04 -1.4381E+05  2.9500E+02  3.0000E+02
        8500  2.7620236E-02  2.8751E+04 -1.4375E+05  2.9500E+02  3.0000E+02
        8550  2.7794502E-02  2.8739E+04 -1.4370E+05  2.9500E+02  3.0000E+02
        8600  2.7969364E-02  2.8727E+04 -1.4364E+05  2.9500E+02  3.0000E+02
        8650  2.8144823E-02  2.8716E+04 -1.4358E+05  2.9500E+02  3.0000E+02
        8700  2.8320882E-02  2.8704E+04 -1.4352E+05  2.9500E+02  3.0000E+02
        8750  2.8497541E-02  2.8692E+04 -1.4346E+05  2.9500E+02  3.0000E+02
        8800  2.8674802E-02  2.8681E+04 -1.4340E+05  2.9500E+02  3.0000E+02
        8850  2.8852667E-02  2.8669E+04 -1.4335E+05  2.9500E+02  3.0000E+02
        8900  2.9031138E-02  2.8657E+04 -1.4329E+05  2.9500E+02  3.0000E+02
        8950  2.9210216E-02  2.8646E+04 -1.4323E+05  2.9500E+02  3.0000E+02
        9000  2.9389903E-02  2.8634E+04 -1.4317E+05  2.9500E+02  3.0000E+02
        9050  2.9570200E-02  2.8622E+04 -1.4311E+05  2.9500E+02  3.0000E+02
        9100  2.9751109E-02  2.8610E+04 -1.4305E+05  2.9500E+02  3.0000E+02
        9150  2.9932632E-02  2.8599E+04 -1.4299E+05  2.9500E+02  3.0000E+02
        9200  3.0114770E-02  2.8587E+04 -1.4293E+05  2.9500E+02  3.0000E+02
        9250  3.0297525E-02  2.8575E+04 -1.4288E+05  2.9500E+02  3.0000E+02
        9300  3.0480899E-02  2.8563E+04 -1.4282E+05  2.9500E+02  3.0000E+02
        9350  3.0664893E-02  2.8551E+04 -1.4276E+05  2.9500E+02  3.0000E+02
        9400  3.0849509E-02  2.8540E+04 -1.4270E+05  2.9500E+02  3.0000E+02
        9450  3.1034749E-02  2.8528E+04 -1.4264E+05  2.9500E+02  3.0000E+02
        9500  3.1220613E-02  2.8516E+04 -1.4258E+05  2.9500E+02  3.0000E+02
        9550  3.1407105E-02  2.8504E+04 -1.4252E+05  2.9500E+02  3.0000E+02
        9600  3.1594225E-02  2.8492E+04 -1.4246E+05  2.9500E+02  3.0000E+02
        9650  3.1781975E-02  2.8480E+04 -1.4240E+05  2.9500E+02  3.0000E+02
        9700  3.1970357E-02  2.8468E+04 -1.4234E+05  2.9500E+02  3.0000E+02
        9750  3.2159372E-02  2.8456E+04 -1.4228E+05  2.9500E+02  3.0000E+02
        9800  3.2349023E-02  2.8445E+04 -1.4222E+05  2.9500E+02  3.0000E+02
        9850  3.2539310E-02  2.8433E+04 -1.4216E+05  2.9500E+02  3.0000E+02
        9900  3.2730236E-02  2.8421E+04 -1.4210E+05  2.9500E+02  3.0000E+02
        9950  3.2921802E-02  2.8409E+04 -1.4204E+05  2.9500E+02  3.0000E+02
       10000  3.3114010E-02  2.8397E+04 -1.4198E+05  2.9500E+02  3.0000E+02
       10050  3.3306861E-02  2.8385E+04 -1.4192E+05  2.9500E+02  3.0000E+02
       10100  3.3500358E-02  2.8373E+04 -1.4186E+05  2.9500E+02  3.0000E+02
       10150  3.3694501E-02  2.8361E+04 -1.4180E+05  2.9500E+02  3.0000E+02
       10200  3.3889293E-02  2.8349E+04 -1.4174E+05  2.9500E+02  3.0000E+02
       10250  3.4084735E-02  2.8337E+04 -1.4168E+05  2.9500E+02  3.0000E+02
       10300  3.4280829E-02  2.8325E+04 -1.4162E+05  2.9500E+02  3.0000E+02
       10350  3.4477576E-02  2.8313E+04 -1.4156E+05  2.9500E+02  3.0000E+02
       10400  3.4674979E-02  2.8301E+04 -1.4150E+05  2.9500E+02  3.0000E+02
       10450  3.4873039E-02  2.8289E+04 -1.4144E+05  2.9500E+02  3.0000E+02
       10500  3.5071757E-02  2.8277E+04 -1.4138E+05  2.9500E+02  3.0000E+02
       10550  3.5271136E-02  2.8265E+04 -1.4132E+05  2.9500E+02  3.0000E+02
       10600  3.5471177E-02  2.8253E+04 -1.4126E+05  2.9500E+02  3.0000E+02
       10650  3.5671881E-02  2.8241E+04 -1.4120E+05  2.9500E+02  3.0000E+02
       10700  3.5873251E-02  2.8229E+04 -1.4114E+05  2.9500E+02  3.0000E+02
       10750  3.6075289E-02  2.8217E+04 -1.4108E+05  2.9500E+02  3.0000E+02
       10800  3.6277995E-02  2.8205E+04 -1.4102E+05  2.9500E+02  3.0000E+02
       10850  3.6481372E-02  2.8192E+04 -1.4096E+05  2.9500E+02  3.0000E+02
       10900  3.6685421E-02  2.8180E+04 -1.4090E+05  2.9500E+02  3.0000E+02
       10950  3.6890144E-02  2.8168E+04 -1.4084E+05  2.9500E+02  3.0000E+02
       11000  3.7095543E-02  2.8156E+04 -1.4078E+05  2.9500E+02  3.0000E+02
       11050  3.7301619E-02  2.8144E+04 -1.4072E+05  2.9500E+02  3.0000E+02
       11100  3.7508375E-02  2.8132E+04 -1.4066E+05  2.9500E+02  3.0000E+02
       11150  3.7715812E-02  2.8120E+04 -1.4060E+05  2.9500E+02  3.0000E+02
       11200  3.7923931E-02  2.8108E+04 -1.4054E+05  2.9500E+02  3.0000E+02
       11250  3.8132735E-02  2.8095E+04 -1.4048E+05  2.9500E+02  3.0000E+02
       11300  3.8342225E-02  2.8083E+04 -1.4042E+05  2.9500E+02  3.0000E+02
       11350  3.8552403E-02  2.8071E+04 -1.4035E+05  2.9500E+02  3.0000E+02
       11400  3.8763271E-02  2.8059E+04 -1.4029E+05  2.9500E+02  3.0000E+02
       11450  3.8974830E-02  2.8047E+04 -1.4023E+05  2.9500E+02  3.0000E+02
       11500  3.9187082E-02  2.8034E+04 -1.4017E+05  2.9500E+02  3.0000E+02
       11550  3.9400029E-02  2.8022E+04 -1.4011E+05  2.9500E+02  3.0000E+02
       11600  3.9613672E-02  2.8010E+04 -1.4005E+05  2.9500E+02  3.0000E+02
       11650  3.9828014E-02  2.7998E+04 -1.3999E+05  2.9500E+02  3.0000E+02
       11700  4.0043057E-02  2.7985E+04 -1.3993E+05  2.9500E+02  3.0000E+02
       11750  4.0258801E-02  2.7973E+04 -1.3987E+05  2.9500E+02  3.0000E+02
       11800  4.0475249E-02  2.7961E+04 -1.3980E+05  2.9500E+02  3.0000E+02
       11850  4.0692402E-02  2.7949E+04 -1.3974E+05  2.9500E+02  3.0000E+02
       11900  4.0910263E-02  2.7936E+04 -1.3968E+05  2.9500E+02  3.0000E+02
       11950  4.1128832E-02  2.7924E+04 -1.3962E+05  2.9500E+02  3.0000E+02
       12000  4.1348112E-02  2.7912E+04 -1.3956E+05  2.9500E+02  3.0000E+02
       12050  4.1568105E-02  2.7900E+04 -1.3950E+05  2.9500E+02  3.0000E+02
       12100  4.1788813E-02  2.7887E+04 -1.3944E+05  2.9500E+02  3.0000E+02
       12150  4.2010236E-02  2.7875E+04 -1.3938E+05  2.9500E+02  3.0000E+02
       12200  4.2232377E-02  2.7863E+04 -1.3931E+05  2.9500E+02  3.0000E+02
       12250  4.2455238E-02  2.7851E+04 -1.3925E+05  2.9500E+02  3.0000E+02
       12300  4.2678820E-02  2.7838E+04 -1.3919E+05  2.9500E+02  3.0000E+02
       12350  4.2903126E-02  2.7826E+04 -1.3913E+05  2.9500E+02  3.0000E+02
       12400  4.3128156E-02  2.7814E+04 -1.3907E+05  2.9500E+02  3.0000E+02
       12450  4.3353914E-02  2.7801E+04 -1.3901E+05  2.9500E+02  3.0000E+02
       12500  4.3580400E-02  2.7789E+04 -1.3895E+05  2.9500E+02  3.0000E+02
       12550  4.3807616E-02  2.7777E+04 -1.3888E+05  2.9500E+02  3.0000E+02
       12600  4.4035565E-02  2.7765E+04 -1.3882E+05  2.9500E+02  3.0000E+02
       12650  4.4264248E-02  2.7752E+04 -1.3876E+05  2.9500E+02  3.0000E+02
       12700  4.4493667E-02  2.7740E+04 -1.3870E+05  2.9500E+02  3.0000E+02
       12750  4.4723823E-02  2.7728E+04 -1.3864E+05  2.9500E+02  3.0000E+02
       12800  4.4954719E-02  2.7715E+04 -1.3858E+05  2.9500E+02  3.0000E+02
       12850  4.5186356E-02  2.7703E+04 -1.3852E+05  2.9500E+02  3.0000E+02
       12900  4.5418737E-02  2.7691E+04 -1.3845E+05  2.9500E+02  3.0000E+02
       12950  4.5651862E-02  2.7679E+04 -1.3839E+05  2.9500E+02  3.0000E+02
       13000  4.5885734E-02  2.7666E+04 -1.3833E+05  2.9500E+02  3.0000E+02
       13050  4.6120355E-02  2.7654E+04 -1.3827E+05  2.9500E+02  3.0000E+02
       13100  4.6355726E-02  2.7642E+04 -1.3821E+05  2.9500E+02  3.0000E+02
       13150  4.6591850E-02  2.7629E+04 -1.3815E+05  2.9500E+02  3.0000E+02
       13200  4.6828727E-02  2.7617E+04 -1.3809E+05  2.9500E+02  3.0000E+02
       13250  4.7066361E-02  2.7605E+04 -1.3802E+05  2.9500E+02  3.0000E+02
       13300  4.7304752E-02  2.7592E+04 -1.3796E+05  2.9500E+02  3.0000E+02
       13350  4.7543903E-02  2.7580E+04 -1.3790E+05  2.9500E+02  3.0000E+02
       13400  4.7783816E-02  2.7568E+04 -1.3784E+05  2.9500E+02  3.0000E+02
       13450  4.8024492E-02  2.7556E+04 -1.3778E+05  2.9500E+02  3.0000E+02
       13500  4.8265933E-02  2.7543E+04 -1.3772E+05  2.9500E+02  3.0000E+02
       13550  4.8508142E-02  2.7531E+04 -1.3765E+05  2.9500E+02  3.0000E+02
       13600  4.8751119E-02  2.7519E+04 -1.3759E+05  2.9500E+02  3.0000E+02
       13650  4.8994867E-02  2.7506E+04 -1.3753E+05  2.9500E+02  3.0000E+02
       13700  4.9239388E-02  2.7494E+04 -1.3747E+05  2.9500E+02  3.0000E+02
       13750  4.9484683E-02  2.7482E+04 -1.3741E+05  2.9500E+02  3.0000E+02
       13800  4.9730755E-02  2.7469E+04 -1.3735E+05  2.9500E+02  3.0000E+02
       13850  4.9977604E-02  2.7457E+04 -1.3729E+05  2.9500E+02  3.0000E+02
       13900  5.0225235E-02  2.7445E+04 -1.3722E+05  2.9500E+02  3.0000E+02
       13950  5.0473647E-02  2.7433E+04 -1.3716E+05  2.9500E+02  3.0000E+02
       14000  5.0722843E-02  2.7420E+04 -1.3710E+05  2.9500E+02  3.0000E+02
       14050  5.0972825E-02  2.7408E+04 -1.3704E+05  2.9500E+02  3.0000E+02
       14100  5.1223595E-02  2.7396E+04 -1.3698E+05  2.9500E+02  3.0000E+02
       14150  5.1475154E-02  2.7383E+04 -1.3692E+05  2.9500E+02  3.0000E+02
       14200  5.1727505E-02  2.7371E+04 -1.3686E+05  2.9500E+02  3.0000E+02
       14250  5.1980649E-02  2.7359E+04 -1.3679E+05  2.9500E+02  3.0000E+02
       14300  5.2234588E-02  2.7346E+04 -1.3673E+05  2.9500E+02  3.0000E+02
       14350  5.2489325E-02  2.7334E+04 -1.3667E+05  2.9500E+02  3.0000E+02
       14400  5.2744861E-02  2.7322E+04 -1.3661E+05  2.9500E+02  3.0000E+02
       14450  5.3001198E-02  2.7310E+04 -1.3655E+05  2.9500E+02  3.0000E+02
       14500  5.3258338E-02  2.7297E+04 -1.3649E+05  2.9500E+02  3.0000E+02
       14550  5.3516282E-02  2.7285E+04 -1.3643E+05  2.9500E+02  3.0000E+02
       14600  5.3775034E-02  2.7273E+04 -1.3636E+05  2.9500E+02  3.0000E+02
       14650  5.4034594E-02  2.7260E+04 -1.3630E+05  2.9500E+02  3.0000E+02
       14700  5.4294964E-02  2.7248E+04 -1.3624E+05  2.9500E+02  3.0000E+02
       14750  5.4556148E-02  2.7236E+04 -1.3618E+05  2.9500E+02  3.0000E+02
       14800  5.4818146E-02  2.7224E+04 -1.3612E+05  2.9500E+02  3.0000E+02
       14850  5.5080960E-02  2.7211E+04 -1.3606E+05  2.9500E+02  3.0000E+02
       14900  5.5344592E-02  2.7199E+04 -1.3600E+05  2.9500E+02  3.0000E+02
       14950  5.5609045E-02  2.7187E+04 -1.3593E+05  2.9500E+02  3.0000E+02
       15000  5.5874320E-02  2.7175E+04 -1.3587E+05  2.9500E+02  3.0000E+02
       15050  5.6140420E-02  2.7162E+04 -1.3581E+05  2.9500E+02  3.0000E+02
       15100  5.6407345E-02  2.7150E+04 -1.3575E+05  2.9500E+02  3.0000E+02
       15150  5.6675099E-02  2.7138E+04 -1.3569E+05  2.9500E+02  3.0000E+02
       15200  5.6943683E-02  2.7126E+04 -1.3563E+05  2.9500E+02  3.0000E+02
       15250  5.7213098E-02  2.7113E+04 -1.3557E+05  2.9500E+02  3.0000E+02
       15300  5.7483348E-02  2.7101E+04 -1.3551E+05  2.9500E+02  3.0000E+02
       15350  5.7754433E-02  2.7089E+04 -1.3544E+05  2.9500E+02  3.0000E+02
       15400  5.8026357E-02  2.7077E+04 -1.3538E+05  2.9500E+02  3.0000E+02
       15450  5.8299120E-02  2.7064E+04 -1.3532E+05  2.9500E+02  3.0000E+02
       15500  5.8572725E-02  2.7052E+04 -1.3526E+05  2.9500E+02  3.0000E+02
       15550  5.8847175E-02  2.7040E+04 -1.3520E+05  2.9500E+02  3.0000E+02
       15600  5.9122469E-02  2.7028E+04 -1.3514E+05  2.9500E+02  3.0000E+02
       15650  5.9398612E-02  2.7016E+04 -1.3508E+05  2.9500E+02  3.0000E+02
       15700  5.9675605E-02  2.7003E+04 -1.3502E+05  2.9500E+02  3.0000E+02
       15750  5.9953449E-02  2.6991E+04 -1.3496E+05  2.9500E+02  3.0000E+02
       15800  6.0232147E-02  2.6979E+04 -1.3489E+05  2.9500E+02  3.0000E+02
       15850  6.0511701E-02  2.6967E+04 -1.3483E+05  2.9500E+02  3.0000E+02
       15900  6.0792112E-02  2.6954E+04 -1.3477E+05  2.9500E+02  3.0000E+02
       15950  6.1073383E-02  2.6942E+04 -1.3471E+05  2.9500E+02  3.0000E+02
       16000  6.1355516E-02  2.6930E+04 -1.3465E+05  2.9500E+02  3.0000E+02
       16050  6.1638513E-02  2.6918E+04 -1.3459E+05  2.9500E+02  3.0000E+02
       16100  6.1922376E-02  2.6906E+04 -1.3453E+05  2.9500E+02  3.0000E+02
       16150  6.2207106E-02  2.6894E+04 -1.3447E+05  2.9500E+02  3.0000E+02
       16200  6.2492707E-02  2.6881E+04 -1.3441E+05  2.9500E+02  3.0000E+02
       16250  6.2779179E-02  2.6869E+04 -1.3435E+05  2.9500E+02  3.0000E+02
       16300  6.3066525E-02  2.6857E+04 -1.3428E+05  2.9500E+02  3.0000E+02
       16350  6.3354747E-02  2.6845E+04 -1.3422E+05  2.9500E+02  3.0000E+02
       16400  6.3643847E-02  2.6833E+04 -1.3416E+05  2.9500E+02  3.0000E+02
       16450  6.3933827E-02  2.6820E+04 -1.3410E+05  2.9500E+02  3.0000E+02
       16500  6.4224688E-02  2.6808E+04 -1.3404E+05  2.9500E+02  3.0000E+02
       16550  6.4516434E-02  2.6796E+04 -1.3398E+05  2.9500E+02  3.0000E+02
       16600  6.4809066E-02  2.6784E+04 -1.3392E+05  2.9500E+02  3.0000E+02
       16650  6.5102586E-02  2.6772E+04 -1.3386E+05  2.9500E+02  3.0000E+02
       16700  6.5396997E-02  2.6760E+04 -1.3380E+05  2.9500E+02  3.0000E+02
       16750  6.5692299E-02  2.6748E+04 -1.3374E+05  2.9500E+02  3.0000E+02
       16800  6.5988496E-02  2.6735E+04 -1.3368E+05  2.9500E+02  3.0000E+02
       16850  6.6285589E-02  2.6723E+04 -1.3362E+05  2.9500E+02  3.0000E+02
       16900  6.6583581E-02  2.6711E+04 -1.3356E+05  2.9500E+02  3.0000E+02
       16950  6.6882473E-02  2.6699E+04 -1.3350E+05  2.9500E+02  3.0000E+02
       17000  6.7182268E-02  2.6687E+04 -1.3344E+05  2.9500E+02  3.0000E+02
       17050  6.7482967E-02  2.6675E+04 -1.3337E+05  2.9500E+02  3.0000E+02
       17100  6.7784573E-02  2.6663E+04 -1.3331E+05  2.9500E+02  3.0000E+02
       17150  6.8087088E-02  2.6651E+04 -1.3325E+05  2.9500E+02  3.0000E+02
       17200  6.8390514E-02  2.6639E+04 -1.3319E+05  2.9500E+02  3.0000E+02
       17250  6.8694852E-02  2.6627E+04 -1.3313E+05  2.9500E+02  3.0000E+02
       17300  6.9000106E-02  2.6614E+04 -1.3307E+05  2.9500E+02  3.0000E+02
       17350  6.9306277E-02  2.6602E+04 -1.3301E+05  2.9500E+02  3.0000E+02
       17400  6.9613369E-02  2.6590E+04 -1.3295E+05  2.9500E+02  3.0000E+02
       17450  6.9921383E-02  2.6578E+04 -1.3289E+05  2.9500E+02  3.0000E+02
       17500  7.0230323E-02  2.6566E+04 -1.3283E+05  2.9500E+02  3.0000E+02
       17550  7.0540191E-02  2.6554E+04 -1.3277E+05  2.9500E+02  3.0000E+02
       17600  7.0850989E-02  2.6542E+04 -1.3271E+05  2.9500E+02  3.0000E+02
       17650  7.1162721E-02  2.6530E+04 -1.3265E+05  2.9500E+02  3.0000E+02
       17700  7.1475389E-02  2.6519E+04 -1.3259E+05  2.9500E+02  3.0000E+02
       17750  7.1788995E-02  2.6507E+04 -1.3253E+05  2.9500E+02  3.0000E+02
       17800  7.2103543E-02  2.6495E+04 -1.3247E+05  2.9500E+02  3.0000E+02
       17850  7.2419035E-02  2.6483E+04 -1.3242E+05  2.9500E+02  3.0000E+02
       17900  7.2735474E-02  2.6472E+04 -1.3236E+05  2.9500E+02  3.0000E+02
       17950  7.3052862E-02  2.6460E+04 -1.3230E+05  2.9500E+02  3.0000E+02
       18000  7.3371202E-02  2.6449E+04 -1.3224E+05  2.9500E+02  3.0000E+02
       18050  7.3690497E-02  2.6437E+04 -1.3219E+05  2.9500E+02  3.0000E+02
       18100  7.4010750E-02  2.6426E+04 -1.3213E+05  2.9500E+02  3.0000E+02
       18150  7.4331963E-02  2.6414E+04 -1.3207E+05  2.9500E+02  3.0000E+02
       18200  7.4654139E-02  2.6403E+04 -1.3201E+05  2.9500E+02  3.0000E+02
       18250  7.4977280E-02  2.6392E+04 -1.3196E+05  2.9500E+02  3.0000E+02
       18300  7.5301391E-02  2.6380E+04 -1.3190E+05  2.9500E+02  3.0000E+02
       18350  7.5626472E-02  2.6369E+04 -1.3185E+05  2.9500E+02  3.0000E+02
       18400  7.5952528E-02  2.6358E+04 -1.3179E+05  2.9500E+02  3.0000E+02
       18450  7.6279560E-02  2.6347E+04 -1.3173E+05  2.9500E+02  3.0000E+02
       18500  7.6607572E-02  2.6336E+04 -1.3168E+05  2.9500E+02  3.0000E+02
       18550  7.6936567E-02  2.6325E+04 -1.3162E+05  2.9500E+02  3.0000E+02
       18600  7.7266547E-02  2.6314E+04 -1.3157E+05  2.9500E+02  3.0000E+02
       18650  7.7597514E-02  2.6303E+04 -1.3152E+05  2.9500E+02  3.0000E+02
       18692  7.7875000E-02  2.6294E+04 -1.3147E+05  2.9500E+02  3.0000E+02
