  ====================================================
  TEXSTAN(academic)
  s410_7.dat, turb ml+em, pipe, CEF, Ts(x)                                
  stepsize: variable from dx=  .010 to dx=  .200
  energy eqn: solved, no source terms
  properties: constant
     po= 1.01325E+05  den= 1.17700E+00  vis= 1.83800E-05  sp_ht= 1.00500E+03
     prc(je)=     .700
  initial profiles: kstart=  1  dyi= 1.000E-06  rate=  .1750
  turbulence model information:
     m-l: k=0.40, al=0.070, a+=26, em=fn(0.005,0.9)
     turbulent prandtl number model: Kays variable prt
  axx= 0.0000E+00  bxx= 0.0000E+00  cxx= 0.0000E+00  dxx= 0.0000E+00
  exx= 0.0000E+00  fxx= 9.0000E-01  gxx= 0.0000E+00
  ====================================================

   input Reynolds number= 1.0000E+05 (not TEXSTAN-calculated value)
   Reynolds number= 1.0000E+05    Prandtl number=     .700
   U,mean = 4.4617E+01            d,h = 3.5000E-02
   viscom = 1.8380E-05            rhom  = 1.1770E+00

  ====================================================

 intg  x/dh      cfapp     cf2(I)    cf2(E)     nu(I)      nu(E)
    0 0.000E+00 0.000E+00 0.000E+00 2.520E+01  0.000E+00  0.000E+00
               y(i)           u(i)         f(1,i)         f(2,i)         f(3,i)
       0.000000E+00   4.461707E+01   2.800000E+02   0.000000E+00   0.000000E+00
       6.424850E-04   4.461707E+01   2.800000E+02   0.000000E+00   0.000000E+00
       1.331299E-03   4.461707E+01   2.800000E+02   0.000000E+00   0.000000E+00
       2.131856E-03   4.461707E+01   2.800000E+02   0.000000E+00   0.000000E+00
       2.993623E-03   4.461707E+01   2.800000E+02   0.000000E+00   0.000000E+00
       3.861346E-03   4.461707E+01   2.800000E+02   0.000000E+00   0.000000E+00
       4.731751E-03   4.461707E+01   2.800000E+02   0.000000E+00   0.000000E+00
       5.603586E-03   4.461707E+01   2.800000E+02   0.000000E+00   0.000000E+00
       6.476276E-03   4.461707E+01   2.800000E+02   0.000000E+00   0.000000E+00
       7.349515E-03   4.461707E+01   2.800000E+02   0.000000E+00   0.000000E+00
       8.223128E-03   4.461707E+01   2.800000E+02   0.000000E+00   0.000000E+00
       9.097008E-03   4.461707E+01   2.800000E+02   0.000000E+00   0.000000E+00
       9.971084E-03   4.461707E+01   2.800000E+02   0.000000E+00   0.000000E+00
       1.084531E-02   4.461707E+01   2.800000E+02   0.000000E+00   0.000000E+00
       1.171632E-02   4.461707E+01   2.800000E+02   0.000000E+00   0.000000E+00
       1.254786E-02   4.461707E+01   2.800000E+02   0.000000E+00   0.000000E+00
       1.328437E-02   4.461707E+01   2.800000E+02   0.000000E+00   0.000000E+00
       1.391155E-02   4.461707E+01   2.800000E+02   0.000000E+00   0.000000E+00
       1.444555E-02   4.461707E+01   2.800000E+02   0.000000E+00   0.000000E+00
       1.490018E-02   4.461707E+01   2.800000E+02   0.000000E+00   0.000000E+00
       1.528718E-02   4.461707E+01   2.800000E+02   0.000000E+00   0.000000E+00
       1.561662E-02   4.461707E+01   2.800000E+02   0.000000E+00   0.000000E+00
       1.589704E-02   4.461707E+01   2.800000E+02   0.000000E+00   0.000000E+00
       1.613572E-02   4.461707E+01   2.800000E+02   0.000000E+00   0.000000E+00
       1.633887E-02   4.461707E+01   2.800000E+02   0.000000E+00   0.000000E+00
       1.651179E-02   4.461707E+01   2.800000E+02   0.000000E+00   0.000000E+00
       1.665896E-02   4.461707E+01   2.800000E+02   0.000000E+00   0.000000E+00
       1.678421E-02   4.461707E+01   2.800000E+02   0.000000E+00   0.000000E+00
       1.689082E-02   4.461707E+01   2.800000E+02   0.000000E+00   0.000000E+00
       1.698156E-02   4.461707E+01   2.800000E+02   0.000000E+00   0.000000E+00
       1.705878E-02   4.461707E+01   2.800000E+02   0.000000E+00   0.000000E+00
       1.712450E-02   4.461707E+01   2.800000E+02   0.000000E+00   0.000000E+00
       1.718044E-02   4.461707E+01   2.800000E+02   0.000000E+00   0.000000E+00
       1.722805E-02   4.461707E+01   2.800000E+02   0.000000E+00   0.000000E+00
       1.726856E-02   4.461707E+01   2.800000E+02   0.000000E+00   0.000000E+00
       1.730305E-02   4.461707E+01   2.800000E+02   0.000000E+00   0.000000E+00
       1.733239E-02   4.461707E+01   2.800000E+02   0.000000E+00   0.000000E+00
       1.735737E-02   4.461707E+01   2.800000E+02   0.000000E+00   0.000000E+00
       1.737863E-02   4.461707E+01   2.800000E+02   0.000000E+00   0.000000E+00
       1.739672E-02   4.461707E+01   2.800000E+02   0.000000E+00   0.000000E+00
       1.741212E-02   4.461707E+01   2.800000E+02   0.000000E+00   0.000000E+00
       1.742522E-02   4.461707E+01   2.800000E+02   0.000000E+00   0.000000E+00
       1.743637E-02   4.461707E+01   2.800000E+02   0.000000E+00   0.000000E+00
       1.744586E-02   4.461707E+01   2.800000E+02   0.000000E+00   0.000000E+00
       1.745394E-02   4.461707E+01   2.800000E+02   0.000000E+00   0.000000E+00
       1.746082E-02   4.461707E+01   2.800000E+02   0.000000E+00   0.000000E+00
       1.746667E-02   4.461707E+01   2.800000E+02   0.000000E+00   0.000000E+00
       1.747165E-02   4.461707E+01   2.800000E+02   0.000000E+00   0.000000E+00
       1.747588E-02   4.461707E+01   2.800000E+02   0.000000E+00   0.000000E+00
       1.747949E-02   4.461707E+01   2.800000E+02   0.000000E+00   0.000000E+00
       1.748256E-02   4.461707E+01   2.800000E+02   0.000000E+00   0.000000E+00
       1.748517E-02   4.461707E+01   2.800000E+02   0.000000E+00   0.000000E+00
       1.748740E-02   4.461707E+01   2.800000E+02   0.000000E+00   0.000000E+00
       1.748929E-02   4.461707E+01   2.800000E+02   0.000000E+00   0.000000E+00
       1.749090E-02   4.461707E+01   2.800000E+02   0.000000E+00   0.000000E+00
       1.749227E-02   4.461707E+01   2.800000E+02   0.000000E+00   0.000000E+00
       1.749343E-02   4.461707E+01   2.800000E+02   0.000000E+00   0.000000E+00
       1.749443E-02   4.461707E+01   2.800000E+02   0.000000E+00   0.000000E+00
       1.749527E-02   4.461707E+01   2.800000E+02   0.000000E+00   0.000000E+00
       1.749599E-02   4.461707E+01   2.800000E+02   0.000000E+00   0.000000E+00
       1.749660E-02   4.461707E+01   2.800000E+02   0.000000E+00   0.000000E+00
       1.749712E-02   4.461707E+01   2.800000E+02   0.000000E+00   0.000000E+00
       1.749757E-02   4.461707E+01   2.800000E+02   0.000000E+00   0.000000E+00
       1.749794E-02   4.461707E+01   2.800000E+02   0.000000E+00   0.000000E+00
       1.749827E-02   4.461707E+01   2.800000E+02   0.000000E+00   0.000000E+00
       1.749854E-02   4.461707E+01   2.800000E+02   0.000000E+00   0.000000E+00
       1.749877E-02   4.461707E+01   2.800000E+02   0.000000E+00   0.000000E+00
       1.749897E-02   4.461707E+01   2.800000E+02   0.000000E+00   0.000000E+00
       1.749914E-02   4.461707E+01   2.800000E+02   0.000000E+00   0.000000E+00
       1.749928E-02   4.461707E+01   2.800000E+02   0.000000E+00   0.000000E+00
       1.749940E-02   4.461707E+01   2.800000E+02   0.000000E+00   0.000000E+00
       1.749951E-02   4.461707E+01   2.800000E+02   0.000000E+00   0.000000E+00
       1.749960E-02   4.461707E+01   2.800000E+02   0.000000E+00   0.000000E+00
       1.749967E-02   4.461707E+01   2.800000E+02   0.000000E+00   0.000000E+00
       1.749973E-02   4.461707E+01   2.800000E+02   0.000000E+00   0.000000E+00
       1.749979E-02   4.461707E+01   2.800000E+02   0.000000E+00   0.000000E+00
       1.749984E-02   4.461707E+01   2.800000E+02   0.000000E+00   0.000000E+00
       1.749987E-02   4.461707E+01   2.800000E+02   0.000000E+00   0.000000E+00
       1.749991E-02   4.461707E+01   2.800000E+02   0.000000E+00   0.000000E+00
       1.749994E-02   4.461707E+01   2.800000E+02   0.000000E+00   0.000000E+00
       1.749996E-02   4.461707E+01   2.800000E+02   0.000000E+00   0.000000E+00
       1.749999E-02   4.461707E+01   2.800000E+02   0.000000E+00   0.000000E+00
       1.750000E-02   0.000000E+00   2.800000E+02   0.000000E+00   0.000000E+00

 intg  x/dh      cfapp     cf2(I)    cf2(E)     nu(I)      nu(E)
 1000 5.000E+00 7.490E-03 0.000E+00 2.558E-03  0.000E+00  2.114E+02
               y(i)           u(i)         f(1,i)         f(2,i)         f(3,i)
       0.000000E+00   4.784401E+01   2.800000E+02   0.000000E+00   0.000000E+00
       6.204399E-04   4.784401E+01   2.800000E+02   0.000000E+00   0.000000E+00
       1.285619E-03   4.784401E+01   2.800000E+02   0.000000E+00   0.000000E+00
       2.058707E-03   4.784401E+01   2.800000E+02   0.000000E+00   0.000000E+00
       2.890905E-03   4.784401E+01   2.800000E+02   0.000000E+00   0.000000E+00
       3.728855E-03   4.784401E+01   2.800000E+02   0.000000E+00   0.000000E+00
       4.569393E-03   4.784401E+01   2.800000E+02   0.000000E+00   0.000000E+00
       5.411315E-03   4.784401E+01   2.800000E+02   0.000000E+00   0.000000E+00
       6.254060E-03   4.784401E+01   2.800000E+02   0.000000E+00   0.000000E+00
       7.097337E-03   4.784397E+01   2.800000E+02   0.000000E+00   0.000000E+00
       7.941009E-03   4.784006E+01   2.800003E+02   0.000000E+00   0.000000E+00
       8.785327E-03   4.779934E+01   2.800025E+02   0.000000E+00   0.000000E+00
       9.631096E-03   4.768976E+01   2.800075E+02   0.000000E+00   0.000000E+00
       1.047942E-02   4.750475E+01   2.800152E+02   0.000000E+00   0.000000E+00
       1.132834E-02   4.722667E+01   2.800259E+02   0.000000E+00   0.000000E+00
       1.214372E-02   4.684533E+01   2.800399E+02   0.000000E+00   0.000000E+00
       1.287154E-02   4.638133E+01   2.800565E+02   0.000000E+00   0.000000E+00
       1.349709E-02   4.586631E+01   2.800747E+02   0.000000E+00   0.000000E+00
       1.403520E-02   4.530898E+01   2.800942E+02   0.000000E+00   0.000000E+00
       1.449848E-02   4.471526E+01   2.801149E+02   0.000000E+00   0.000000E+00
       1.489764E-02   4.409268E+01   2.801365E+02   0.000000E+00   0.000000E+00
       1.524181E-02   4.344694E+01   2.801590E+02   0.000000E+00   0.000000E+00
       1.553876E-02   4.278289E+01   2.801821E+02   0.000000E+00   0.000000E+00
       1.579513E-02   4.210457E+01   2.802058E+02   0.000000E+00   0.000000E+00
       1.601658E-02   4.141544E+01   2.802299E+02   0.000000E+00   0.000000E+00
       1.620799E-02   4.071836E+01   2.802544E+02   0.000000E+00   0.000000E+00
       1.637350E-02   4.001568E+01   2.802792E+02   0.000000E+00   0.000000E+00
       1.651668E-02   3.930915E+01   2.803041E+02   0.000000E+00   0.000000E+00
       1.664062E-02   3.859986E+01   2.803293E+02   0.000000E+00   0.000000E+00
       1.674794E-02   3.788815E+01   2.803546E+02   0.000000E+00   0.000000E+00
       1.684092E-02   3.717365E+01   2.803801E+02   0.000000E+00   0.000000E+00
       1.692151E-02   3.645523E+01   2.804058E+02   0.000000E+00   0.000000E+00
       1.699141E-02   3.573118E+01   2.804318E+02   0.000000E+00   0.000000E+00
       1.705207E-02   3.499929E+01   2.804583E+02   0.000000E+00   0.000000E+00
       1.710475E-02   3.425702E+01   2.804852E+02   0.000000E+00   0.000000E+00
       1.715055E-02   3.350166E+01   2.805127E+02   0.000000E+00   0.000000E+00
       1.719040E-02   3.273047E+01   2.805410E+02   0.000000E+00   0.000000E+00
       1.722510E-02   3.194078E+01   2.805701E+02   0.000000E+00   0.000000E+00
       1.725538E-02   3.113016E+01   2.806002E+02   0.000000E+00   0.000000E+00
       1.728181E-02   3.029647E+01   2.806313E+02   0.000000E+00   0.000000E+00
       1.730494E-02   2.943794E+01   2.806637E+02   0.000000E+00   0.000000E+00
       1.732521E-02   2.855328E+01   2.806973E+02   0.000000E+00   0.000000E+00
       1.734299E-02   2.764174E+01   2.807322E+02   0.000000E+00   0.000000E+00
       1.735864E-02   2.670317E+01   2.807684E+02   0.000000E+00   0.000000E+00
       1.737244E-02   2.573806E+01   2.808060E+02   0.000000E+00   0.000000E+00
       1.738463E-02   2.474765E+01   2.808447E+02   0.000000E+00   0.000000E+00
       1.739543E-02   2.373392E+01   2.808844E+02   0.000000E+00   0.000000E+00
       1.740503E-02   2.269964E+01   2.809249E+02   0.000000E+00   0.000000E+00
       1.741357E-02   2.164842E+01   2.809659E+02   0.000000E+00   0.000000E+00
       1.742121E-02   2.058469E+01   2.810070E+02   0.000000E+00   0.000000E+00
       1.742805E-02   1.951366E+01   2.810478E+02   0.000000E+00   0.000000E+00
       1.743421E-02   1.844131E+01   2.810878E+02   0.000000E+00   0.000000E+00
       1.743975E-02   1.737418E+01   2.811267E+02   0.000000E+00   0.000000E+00
       1.744477E-02   1.631926E+01   2.811642E+02   0.000000E+00   0.000000E+00
       1.744932E-02   1.528369E+01   2.812000E+02   0.000000E+00   0.000000E+00
       1.745346E-02   1.427440E+01   2.812340E+02   0.000000E+00   0.000000E+00
       1.745724E-02   1.329782E+01   2.812661E+02   0.000000E+00   0.000000E+00
       1.746069E-02   1.235946E+01   2.812962E+02   0.000000E+00   0.000000E+00
       1.746386E-02   1.146371E+01   2.813243E+02   0.000000E+00   0.000000E+00
       1.746676E-02   1.061365E+01   2.813506E+02   0.000000E+00   0.000000E+00
       1.746944E-02   9.811053E+00   2.813751E+02   0.000000E+00   0.000000E+00
       1.747190E-02   9.056457E+00   2.813979E+02   0.000000E+00   0.000000E+00
       1.747417E-02   8.349374E+00   2.814190E+02   0.000000E+00   0.000000E+00
       1.747627E-02   7.688494E+00   2.814386E+02   0.000000E+00   0.000000E+00
       1.747821E-02   7.071908E+00   2.814568E+02   0.000000E+00   0.000000E+00
       1.748000E-02   6.497297E+00   2.814737E+02   0.000000E+00   0.000000E+00
       1.748167E-02   5.962097E+00   2.814894E+02   0.000000E+00   0.000000E+00
       1.748321E-02   5.463614E+00   2.815040E+02   0.000000E+00   0.000000E+00
       1.748465E-02   4.999112E+00   2.815176E+02   0.000000E+00   0.000000E+00
       1.748598E-02   4.565862E+00   2.815302E+02   0.000000E+00   0.000000E+00
       1.748723E-02   4.161177E+00   2.815420E+02   0.000000E+00   0.000000E+00
       1.748840E-02   3.782418E+00   2.815530E+02   0.000000E+00   0.000000E+00
       1.748949E-02   3.426983E+00   2.815634E+02   0.000000E+00   0.000000E+00
       1.749052E-02   3.092282E+00   2.815731E+02   0.000000E+00   0.000000E+00
       1.749149E-02   2.775682E+00   2.815823E+02   0.000000E+00   0.000000E+00
       1.749241E-02   2.474418E+00   2.815911E+02   0.000000E+00   0.000000E+00
       1.749330E-02   2.185446E+00   2.815995E+02   0.000000E+00   0.000000E+00
       1.749416E-02   1.905163E+00   2.816077E+02   0.000000E+00   0.000000E+00
       1.749501E-02   1.628855E+00   2.816157E+02   0.000000E+00   0.000000E+00
       1.749587E-02   1.349400E+00   2.816238E+02   0.000000E+00   0.000000E+00
       1.749677E-02   1.053394E+00   2.816324E+02   0.000000E+00   0.000000E+00
       1.749863E-02   4.495226E-01   2.816500E+02   0.000000E+00   0.000000E+00
       1.750001E-02   0.000000E+00   2.816630E+02   0.000000E+00   0.000000E+00

 intg  x/dh      cfapp     cf2(I)    cf2(E)     nu(I)      nu(E)
 3304 5.000E+01 5.049E-03 0.000E+00 2.289E-03  0.000E+00  1.828E+02
               y(i)           u(i)         f(1,i)         f(2,i)         f(3,i)
       0.000000E+00   5.353091E+01   2.805936E+02   0.000000E+00   0.000000E+00
       5.865583E-04   5.353091E+01   2.805936E+02   0.000000E+00   0.000000E+00
       1.215766E-03   5.347277E+01   2.805964E+02   0.000000E+00   0.000000E+00
       1.947982E-03   5.335909E+01   2.806017E+02   0.000000E+00   0.000000E+00
       2.737811E-03   5.317118E+01   2.806106E+02   0.000000E+00   0.000000E+00
       3.535607E-03   5.291519E+01   2.806227E+02   0.000000E+00   0.000000E+00
       4.339185E-03   5.259032E+01   2.806380E+02   0.000000E+00   0.000000E+00
       5.148253E-03   5.219528E+01   2.806565E+02   0.000000E+00   0.000000E+00
       5.963180E-03   5.172841E+01   2.806784E+02   0.000000E+00   0.000000E+00
       6.784649E-03   5.118761E+01   2.807035E+02   0.000000E+00   0.000000E+00
       7.613546E-03   5.057035E+01   2.807320E+02   0.000000E+00   0.000000E+00
       8.450915E-03   4.987364E+01   2.807641E+02   0.000000E+00   0.000000E+00
       9.297963E-03   4.909392E+01   2.807996E+02   0.000000E+00   0.000000E+00
       1.015607E-02   4.822698E+01   2.808389E+02   0.000000E+00   0.000000E+00
       1.102344E-02   4.727158E+01   2.808818E+02   0.000000E+00   0.000000E+00
       1.186444E-02   4.626781E+01   2.809264E+02   0.000000E+00   0.000000E+00
       1.262132E-02   4.529927E+01   2.809690E+02   0.000000E+00   0.000000E+00
       1.327613E-02   4.441252E+01   2.810077E+02   0.000000E+00   0.000000E+00
       1.384195E-02   4.360982E+01   2.810424E+02   0.000000E+00   0.000000E+00
       1.433025E-02   4.288992E+01   2.810733E+02   0.000000E+00   0.000000E+00
       1.475131E-02   4.220478E+01   2.811025E+02   0.000000E+00   0.000000E+00
       1.511448E-02   4.151170E+01   2.811318E+02   0.000000E+00   0.000000E+00
       1.542792E-02   4.081571E+01   2.811612E+02   0.000000E+00   0.000000E+00
       1.569859E-02   4.011778E+01   2.811905E+02   0.000000E+00   0.000000E+00
       1.593246E-02   3.941923E+01   2.812197E+02   0.000000E+00   0.000000E+00
       1.613463E-02   3.872114E+01   2.812488E+02   0.000000E+00   0.000000E+00
       1.630947E-02   3.802435E+01   2.812778E+02   0.000000E+00   0.000000E+00
       1.646076E-02   3.732939E+01   2.813066E+02   0.000000E+00   0.000000E+00
       1.659171E-02   3.663634E+01   2.813353E+02   0.000000E+00   0.000000E+00
       1.670512E-02   3.594472E+01   2.813639E+02   0.000000E+00   0.000000E+00
       1.680337E-02   3.525352E+01   2.813925E+02   0.000000E+00   0.000000E+00
       1.688854E-02   3.456114E+01   2.814211E+02   0.000000E+00   0.000000E+00
       1.696242E-02   3.386548E+01   2.814499E+02   0.000000E+00   0.000000E+00
       1.702653E-02   3.316410E+01   2.814789E+02   0.000000E+00   0.000000E+00
       1.708221E-02   3.245430E+01   2.815083E+02   0.000000E+00   0.000000E+00
       1.713062E-02   3.173326E+01   2.815382E+02   0.000000E+00   0.000000E+00
       1.717273E-02   3.099819E+01   2.815689E+02   0.000000E+00   0.000000E+00
       1.720942E-02   3.024643E+01   2.816003E+02   0.000000E+00   0.000000E+00
       1.724142E-02   2.947553E+01   2.816327E+02   0.000000E+00   0.000000E+00
       1.726936E-02   2.868336E+01   2.816662E+02   0.000000E+00   0.000000E+00
       1.729381E-02   2.786817E+01   2.817009E+02   0.000000E+00   0.000000E+00
       1.731523E-02   2.702867E+01   2.817369E+02   0.000000E+00   0.000000E+00
       1.733403E-02   2.616409E+01   2.817742E+02   0.000000E+00   0.000000E+00
       1.735057E-02   2.527422E+01   2.818129E+02   0.000000E+00   0.000000E+00
       1.736516E-02   2.435952E+01   2.818529E+02   0.000000E+00   0.000000E+00
       1.737804E-02   2.342110E+01   2.818941E+02   0.000000E+00   0.000000E+00
       1.738946E-02   2.246080E+01   2.819364E+02   0.000000E+00   0.000000E+00
       1.739960E-02   2.148124E+01   2.819794E+02   0.000000E+00   0.000000E+00
       1.740864E-02   2.048579E+01   2.820230E+02   0.000000E+00   0.000000E+00
       1.741671E-02   1.947863E+01   2.820666E+02   0.000000E+00   0.000000E+00
       1.742394E-02   1.846468E+01   2.821098E+02   0.000000E+00   0.000000E+00
       1.743044E-02   1.744957E+01   2.821523E+02   0.000000E+00   0.000000E+00
       1.743631E-02   1.643949E+01   2.821935E+02   0.000000E+00   0.000000E+00
       1.744161E-02   1.544104E+01   2.822333E+02   0.000000E+00   0.000000E+00
       1.744642E-02   1.446094E+01   2.822712E+02   0.000000E+00   0.000000E+00
       1.745080E-02   1.350577E+01   2.823072E+02   0.000000E+00   0.000000E+00
       1.745479E-02   1.258159E+01   2.823411E+02   0.000000E+00   0.000000E+00
       1.745844E-02   1.169362E+01   2.823730E+02   0.000000E+00   0.000000E+00
       1.746179E-02   1.084600E+01   2.824028E+02   0.000000E+00   0.000000E+00
       1.746486E-02   1.004163E+01   2.824306E+02   0.000000E+00   0.000000E+00
       1.746768E-02   9.282193E+00   2.824565E+02   0.000000E+00   0.000000E+00
       1.747029E-02   8.568194E+00   2.824806E+02   0.000000E+00   0.000000E+00
       1.747269E-02   7.899165E+00   2.825030E+02   0.000000E+00   0.000000E+00
       1.747491E-02   7.273865E+00   2.825237E+02   0.000000E+00   0.000000E+00
       1.747696E-02   6.690483E+00   2.825430E+02   0.000000E+00   0.000000E+00
       1.747886E-02   6.146824E+00   2.825608E+02   0.000000E+00   0.000000E+00
       1.748062E-02   5.640460E+00   2.825774E+02   0.000000E+00   0.000000E+00
       1.748225E-02   5.168841E+00   2.825929E+02   0.000000E+00   0.000000E+00
       1.748377E-02   4.729376E+00   2.826072E+02   0.000000E+00   0.000000E+00
       1.748518E-02   4.319483E+00   2.826206E+02   0.000000E+00   0.000000E+00
       1.748650E-02   3.936619E+00   2.826331E+02   0.000000E+00   0.000000E+00
       1.748773E-02   3.578285E+00   2.826447E+02   0.000000E+00   0.000000E+00
       1.748888E-02   3.242021E+00   2.826557E+02   0.000000E+00   0.000000E+00
       1.748997E-02   2.925375E+00   2.826660E+02   0.000000E+00   0.000000E+00
       1.749100E-02   2.625854E+00   2.826757E+02   0.000000E+00   0.000000E+00
       1.749197E-02   2.340845E+00   2.826850E+02   0.000000E+00   0.000000E+00
       1.749291E-02   2.067466E+00   2.826939E+02   0.000000E+00   0.000000E+00
       1.749382E-02   1.802309E+00   2.827025E+02   0.000000E+00   0.000000E+00
       1.749472E-02   1.540915E+00   2.827110E+02   0.000000E+00   0.000000E+00
       1.749562E-02   1.276544E+00   2.827196E+02   0.000000E+00   0.000000E+00
       1.749658E-02   9.965175E-01   2.827287E+02   0.000000E+00   0.000000E+00
       1.749854E-02   4.252466E-01   2.827472E+02   0.000000E+00   0.000000E+00
       1.750000E-02   0.000000E+00   2.827610E+02   0.000000E+00   0.000000E+00

 intg  x/dh      cfapp     cf2(I)    cf2(E)     nu(I)      nu(E)
 3998 1.000E+02 4.814E-03 0.000E+00 2.287E-03  0.000E+00  1.826E+02
               y(i)           u(i)         f(1,i)         f(2,i)         f(3,i)
       0.000000E+00   5.358741E+01   2.815375E+02   0.000000E+00   0.000000E+00
       5.862490E-04   5.358741E+01   2.815375E+02   0.000000E+00   0.000000E+00
       1.215128E-03   5.352870E+01   2.815403E+02   0.000000E+00   0.000000E+00
       1.946974E-03   5.341338E+01   2.815458E+02   0.000000E+00   0.000000E+00
       2.736425E-03   5.322284E+01   2.815548E+02   0.000000E+00   0.000000E+00
       3.533870E-03   5.296337E+01   2.815671E+02   0.000000E+00   0.000000E+00
       4.337137E-03   5.263427E+01   2.815827E+02   0.000000E+00   0.000000E+00
       5.145940E-03   5.223438E+01   2.816015E+02   0.000000E+00   0.000000E+00
       5.960653E-03   5.176215E+01   2.816236E+02   0.000000E+00   0.000000E+00
       6.781969E-03   5.121563E+01   2.816491E+02   0.000000E+00   0.000000E+00
       7.610775E-03   5.059243E+01   2.816781E+02   0.000000E+00   0.000000E+00
       8.448119E-03   4.988973E+01   2.817105E+02   0.000000E+00   0.000000E+00
       9.295210E-03   4.910410E+01   2.817465E+02   0.000000E+00   0.000000E+00
       1.015343E-02   4.823152E+01   2.817861E+02   0.000000E+00   0.000000E+00
       1.102098E-02   4.727091E+01   2.818293E+02   0.000000E+00   0.000000E+00
       1.186220E-02   4.626268E+01   2.818743E+02   0.000000E+00   0.000000E+00
       1.261932E-02   4.529072E+01   2.819172E+02   0.000000E+00   0.000000E+00
       1.327437E-02   4.440148E+01   2.819560E+02   0.000000E+00   0.000000E+00
       1.384041E-02   4.359701E+01   2.819909E+02   0.000000E+00   0.000000E+00
       1.432891E-02   4.287587E+01   2.820219E+02   0.000000E+00   0.000000E+00
       1.475016E-02   4.219013E+01   2.820512E+02   0.000000E+00   0.000000E+00
       1.511348E-02   4.149688E+01   2.820806E+02   0.000000E+00   0.000000E+00
       1.542705E-02   4.080076E+01   2.821100E+02   0.000000E+00   0.000000E+00
       1.569784E-02   4.010278E+01   2.821394E+02   0.000000E+00   0.000000E+00
       1.593180E-02   3.940424E+01   2.821687E+02   0.000000E+00   0.000000E+00
       1.613405E-02   3.870621E+01   2.821978E+02   0.000000E+00   0.000000E+00
       1.630897E-02   3.800952E+01   2.822268E+02   0.000000E+00   0.000000E+00
       1.646032E-02   3.731469E+01   2.822557E+02   0.000000E+00   0.000000E+00
       1.659133E-02   3.662179E+01   2.822844E+02   0.000000E+00   0.000000E+00
       1.670478E-02   3.593035E+01   2.823130E+02   0.000000E+00   0.000000E+00
       1.680308E-02   3.523935E+01   2.823416E+02   0.000000E+00   0.000000E+00
       1.688829E-02   3.454717E+01   2.823703E+02   0.000000E+00   0.000000E+00
       1.696219E-02   3.385174E+01   2.823990E+02   0.000000E+00   0.000000E+00
       1.702633E-02   3.315060E+01   2.824281E+02   0.000000E+00   0.000000E+00
       1.708204E-02   3.244104E+01   2.824575E+02   0.000000E+00   0.000000E+00
       1.713046E-02   3.172026E+01   2.824875E+02   0.000000E+00   0.000000E+00
       1.717260E-02   3.098546E+01   2.825181E+02   0.000000E+00   0.000000E+00
       1.720930E-02   3.023398E+01   2.825496E+02   0.000000E+00   0.000000E+00
       1.724131E-02   2.946338E+01   2.825820E+02   0.000000E+00   0.000000E+00
       1.726927E-02   2.867152E+01   2.826155E+02   0.000000E+00   0.000000E+00
       1.729372E-02   2.785664E+01   2.826502E+02   0.000000E+00   0.000000E+00
       1.731515E-02   2.701747E+01   2.826862E+02   0.000000E+00   0.000000E+00
       1.733396E-02   2.615323E+01   2.827235E+02   0.000000E+00   0.000000E+00
       1.735051E-02   2.526372E+01   2.827622E+02   0.000000E+00   0.000000E+00
       1.736510E-02   2.434939E+01   2.828022E+02   0.000000E+00   0.000000E+00
       1.737799E-02   2.341134E+01   2.828435E+02   0.000000E+00   0.000000E+00
       1.738941E-02   2.245143E+01   2.828858E+02   0.000000E+00   0.000000E+00
       1.739956E-02   2.147227E+01   2.829289E+02   0.000000E+00   0.000000E+00
       1.740860E-02   2.047722E+01   2.829724E+02   0.000000E+00   0.000000E+00
       1.741667E-02   1.947047E+01   2.830161E+02   0.000000E+00   0.000000E+00
       1.742391E-02   1.845694E+01   2.830593E+02   0.000000E+00   0.000000E+00
       1.743041E-02   1.744224E+01   2.831018E+02   0.000000E+00   0.000000E+00
       1.743628E-02   1.643257E+01   2.831431E+02   0.000000E+00   0.000000E+00
       1.744158E-02   1.543453E+01   2.831828E+02   0.000000E+00   0.000000E+00
       1.744640E-02   1.445484E+01   2.832208E+02   0.000000E+00   0.000000E+00
       1.745078E-02   1.350006E+01   2.832568E+02   0.000000E+00   0.000000E+00
       1.745477E-02   1.257626E+01   2.832908E+02   0.000000E+00   0.000000E+00
       1.745842E-02   1.168866E+01   2.833226E+02   0.000000E+00   0.000000E+00
       1.746177E-02   1.084139E+01   2.833525E+02   0.000000E+00   0.000000E+00
       1.746484E-02   1.003736E+01   2.833803E+02   0.000000E+00   0.000000E+00
       1.746767E-02   9.278238E+00   2.834062E+02   0.000000E+00   0.000000E+00
       1.747028E-02   8.564537E+00   2.834303E+02   0.000000E+00   0.000000E+00
       1.747268E-02   7.895790E+00   2.834526E+02   0.000000E+00   0.000000E+00
       1.747490E-02   7.270753E+00   2.834734E+02   0.000000E+00   0.000000E+00
       1.747695E-02   6.687617E+00   2.834927E+02   0.000000E+00   0.000000E+00
       1.747885E-02   6.144188E+00   2.835105E+02   0.000000E+00   0.000000E+00
       1.748061E-02   5.638039E+00   2.835271E+02   0.000000E+00   0.000000E+00
       1.748224E-02   5.166620E+00   2.835426E+02   0.000000E+00   0.000000E+00
       1.748376E-02   4.727342E+00   2.835569E+02   0.000000E+00   0.000000E+00
       1.748517E-02   4.317624E+00   2.835703E+02   0.000000E+00   0.000000E+00
       1.748649E-02   3.934923E+00   2.835828E+02   0.000000E+00   0.000000E+00
       1.748772E-02   3.576742E+00   2.835945E+02   0.000000E+00   0.000000E+00
       1.748888E-02   3.240622E+00   2.836054E+02   0.000000E+00   0.000000E+00
       1.748996E-02   2.924111E+00   2.836157E+02   0.000000E+00   0.000000E+00
       1.749099E-02   2.624720E+00   2.836255E+02   0.000000E+00   0.000000E+00
       1.749197E-02   2.339833E+00   2.836347E+02   0.000000E+00   0.000000E+00
       1.749291E-02   2.066572E+00   2.836436E+02   0.000000E+00   0.000000E+00
       1.749382E-02   1.801529E+00   2.836522E+02   0.000000E+00   0.000000E+00
       1.749472E-02   1.540247E+00   2.836607E+02   0.000000E+00   0.000000E+00
       1.749562E-02   1.275991E+00   2.836693E+02   0.000000E+00   0.000000E+00
       1.749658E-02   9.960852E-01   2.836784E+02   0.000000E+00   0.000000E+00
       1.749854E-02   4.250618E-01   2.836970E+02   0.000000E+00   0.000000E+00
       1.750000E-02   0.000000E+00   2.837108E+02   0.000000E+00   0.000000E+00

 intg  x/dh      cfapp     cf2(I)    cf2(E)     nu(I)      nu(E)
 6427 3.429E+02 4.644E-03 0.000E+00 2.287E-03  0.000E+00  1.826E+02
               y(i)           u(i)         f(1,i)         f(2,i)         f(3,i)
       0.000000E+00   5.358773E+01   2.861390E+02   0.000000E+00   0.000000E+00
       5.862472E-04   5.358773E+01   2.861390E+02   0.000000E+00   0.000000E+00
       1.215124E-03   5.352902E+01   2.861418E+02   0.000000E+00   0.000000E+00
       1.946968E-03   5.341369E+01   2.861473E+02   0.000000E+00   0.000000E+00
       2.736417E-03   5.322313E+01   2.861564E+02   0.000000E+00   0.000000E+00
       3.533860E-03   5.296364E+01   2.861687E+02   0.000000E+00   0.000000E+00
       4.337126E-03   5.263452E+01   2.861842E+02   0.000000E+00   0.000000E+00
       5.145926E-03   5.223461E+01   2.862031E+02   0.000000E+00   0.000000E+00
       5.960639E-03   5.176234E+01   2.862252E+02   0.000000E+00   0.000000E+00
       6.781954E-03   5.121579E+01   2.862507E+02   0.000000E+00   0.000000E+00
       7.610759E-03   5.059256E+01   2.862796E+02   0.000000E+00   0.000000E+00
       8.448103E-03   4.988982E+01   2.863121E+02   0.000000E+00   0.000000E+00
       9.295195E-03   4.910416E+01   2.863480E+02   0.000000E+00   0.000000E+00
       1.015341E-02   4.823154E+01   2.863877E+02   0.000000E+00   0.000000E+00
       1.102096E-02   4.727090E+01   2.864309E+02   0.000000E+00   0.000000E+00
       1.186219E-02   4.626265E+01   2.864759E+02   0.000000E+00   0.000000E+00
       1.261931E-02   4.529067E+01   2.865187E+02   0.000000E+00   0.000000E+00
       1.327436E-02   4.440142E+01   2.865576E+02   0.000000E+00   0.000000E+00
       1.384041E-02   4.359694E+01   2.865925E+02   0.000000E+00   0.000000E+00
       1.432891E-02   4.287579E+01   2.866235E+02   0.000000E+00   0.000000E+00
       1.475015E-02   4.219004E+01   2.866528E+02   0.000000E+00   0.000000E+00
       1.511347E-02   4.149679E+01   2.866822E+02   0.000000E+00   0.000000E+00
       1.542704E-02   4.080068E+01   2.867116E+02   0.000000E+00   0.000000E+00
       1.569783E-02   4.010269E+01   2.867410E+02   0.000000E+00   0.000000E+00
       1.593180E-02   3.940416E+01   2.867703E+02   0.000000E+00   0.000000E+00
       1.613405E-02   3.870612E+01   2.867994E+02   0.000000E+00   0.000000E+00
       1.630897E-02   3.800943E+01   2.868284E+02   0.000000E+00   0.000000E+00
       1.646032E-02   3.731461E+01   2.868573E+02   0.000000E+00   0.000000E+00
       1.659133E-02   3.662170E+01   2.868860E+02   0.000000E+00   0.000000E+00
       1.670478E-02   3.593027E+01   2.869146E+02   0.000000E+00   0.000000E+00
       1.680308E-02   3.523927E+01   2.869432E+02   0.000000E+00   0.000000E+00
       1.688829E-02   3.454709E+01   2.869719E+02   0.000000E+00   0.000000E+00
       1.696219E-02   3.385166E+01   2.870006E+02   0.000000E+00   0.000000E+00
       1.702633E-02   3.315052E+01   2.870297E+02   0.000000E+00   0.000000E+00
       1.708204E-02   3.244097E+01   2.870591E+02   0.000000E+00   0.000000E+00
       1.713046E-02   3.172019E+01   2.870891E+02   0.000000E+00   0.000000E+00
       1.717260E-02   3.098539E+01   2.871197E+02   0.000000E+00   0.000000E+00
       1.720930E-02   3.023392E+01   2.871512E+02   0.000000E+00   0.000000E+00
       1.724131E-02   2.946331E+01   2.871836E+02   0.000000E+00   0.000000E+00
       1.726927E-02   2.867145E+01   2.872171E+02   0.000000E+00   0.000000E+00
       1.729372E-02   2.785658E+01   2.872518E+02   0.000000E+00   0.000000E+00
       1.731515E-02   2.701742E+01   2.872878E+02   0.000000E+00   0.000000E+00
       1.733396E-02   2.615318E+01   2.873251E+02   0.000000E+00   0.000000E+00
       1.735051E-02   2.526367E+01   2.873638E+02   0.000000E+00   0.000000E+00
       1.736510E-02   2.434934E+01   2.874038E+02   0.000000E+00   0.000000E+00
       1.737799E-02   2.341129E+01   2.874451E+02   0.000000E+00   0.000000E+00
       1.738941E-02   2.245139E+01   2.874874E+02   0.000000E+00   0.000000E+00
       1.739956E-02   2.147222E+01   2.875305E+02   0.000000E+00   0.000000E+00
       1.740860E-02   2.047718E+01   2.875740E+02   0.000000E+00   0.000000E+00
       1.741667E-02   1.947044E+01   2.876177E+02   0.000000E+00   0.000000E+00
       1.742391E-02   1.845690E+01   2.876609E+02   0.000000E+00   0.000000E+00
       1.743041E-02   1.744221E+01   2.877034E+02   0.000000E+00   0.000000E+00
       1.743628E-02   1.643254E+01   2.877447E+02   0.000000E+00   0.000000E+00
       1.744158E-02   1.543450E+01   2.877844E+02   0.000000E+00   0.000000E+00
       1.744640E-02   1.445481E+01   2.878224E+02   0.000000E+00   0.000000E+00
       1.745078E-02   1.350004E+01   2.878584E+02   0.000000E+00   0.000000E+00
       1.745477E-02   1.257624E+01   2.878924E+02   0.000000E+00   0.000000E+00
       1.745842E-02   1.168864E+01   2.879242E+02   0.000000E+00   0.000000E+00
       1.746177E-02   1.084137E+01   2.879541E+02   0.000000E+00   0.000000E+00
       1.746484E-02   1.003735E+01   2.879819E+02   0.000000E+00   0.000000E+00
       1.746767E-02   9.278227E+00   2.880078E+02   0.000000E+00   0.000000E+00
       1.747028E-02   8.564528E+00   2.880319E+02   0.000000E+00   0.000000E+00
       1.747268E-02   7.895781E+00   2.880542E+02   0.000000E+00   0.000000E+00
       1.747490E-02   7.270745E+00   2.880750E+02   0.000000E+00   0.000000E+00
       1.747695E-02   6.687610E+00   2.880943E+02   0.000000E+00   0.000000E+00
       1.747885E-02   6.144182E+00   2.881121E+02   0.000000E+00   0.000000E+00
       1.748061E-02   5.638034E+00   2.881287E+02   0.000000E+00   0.000000E+00
       1.748224E-02   5.166616E+00   2.881442E+02   0.000000E+00   0.000000E+00
       1.748376E-02   4.727338E+00   2.881585E+02   0.000000E+00   0.000000E+00
       1.748517E-02   4.317621E+00   2.881719E+02   0.000000E+00   0.000000E+00
       1.748649E-02   3.934920E+00   2.881844E+02   0.000000E+00   0.000000E+00
       1.748772E-02   3.576740E+00   2.881961E+02   0.000000E+00   0.000000E+00
       1.748888E-02   3.240620E+00   2.882070E+02   0.000000E+00   0.000000E+00
       1.748996E-02   2.924110E+00   2.882173E+02   0.000000E+00   0.000000E+00
       1.749099E-02   2.624718E+00   2.882271E+02   0.000000E+00   0.000000E+00
       1.749197E-02   2.339832E+00   2.882363E+02   0.000000E+00   0.000000E+00
       1.749291E-02   2.066571E+00   2.882452E+02   0.000000E+00   0.000000E+00
       1.749382E-02   1.801528E+00   2.882538E+02   0.000000E+00   0.000000E+00
       1.749472E-02   1.540247E+00   2.882623E+02   0.000000E+00   0.000000E+00
       1.749562E-02   1.275990E+00   2.882709E+02   0.000000E+00   0.000000E+00
       1.749658E-02   9.960848E-01   2.882800E+02   0.000000E+00   0.000000E+00
       1.749854E-02   4.250616E-01   2.882986E+02   0.000000E+00   0.000000E+00
       1.750000E-02   0.000000E+00   2.883124E+02   0.000000E+00   0.000000E+00
