  ====================================================
  TEXSTAN(academic)
  s410_7.dat, turb ml+em, pipe, CEF, Ts(x)                                
  stepsize: variable from dx=  .010 to dx=  .200
  energy eqn: solved, no source terms
  properties: constant
     po= 1.01325E+05  den= 9.99800E+02  vis= 1.30800E-04  sp_ht= 4.19300E+03
     prc(je)=   10.000
  initial profiles: kstart=  1  dyi= 1.000E-06  rate=  .1750
  turbulence model information:
     m-l: k=0.40, al=0.070, a+=26, em=fn(0.005,0.9)
     turbulent prandtl number model: prt= fxx
  axx= 0.0000E+00  bxx= 0.0000E+00  cxx= 0.0000E+00  dxx= 0.0000E+00
  exx= 0.0000E+00  fxx= 9.0000E-01  gxx= 0.0000E+00
  ====================================================
   Turbulent pipe flow benchmark
   cf/2,theo = 1./(2.236*ln(re,dh)-4.639)**2                           
   nu,theo = (re,dh-1000)*prm*cf2)/(1+12.7*(prm**0.667-1.)*sqrt(cf/2))
   re,dh = 1.0000E+05   prm = 10.000
  ====================================================

 intg  x/dh      cf2         nu     cfrat   nurat  tm/ts  ts         qflux
    5 2.500E-02 7.767E-03  2422.1   3.459   3.480  1.000 2.801E+02  2.500E+02
  200 1.000E+00 3.188E-03   917.5   1.420   1.318   .999 2.802E+02  2.500E+02
  400 2.000E+00 2.858E-03   847.2   1.273   1.217   .999 2.802E+02  2.500E+02
  600 3.000E+00 2.706E-03   814.5   1.205   1.170   .999 2.802E+02  2.500E+02
  800 4.000E+00 2.617E-03   794.9   1.165   1.142   .999 2.802E+02  2.500E+02
 1000 5.000E+00 2.558E-03   781.7   1.139   1.123   .999 2.802E+02  2.500E+02
 1200 6.106E+00 2.513E-03   771.5   1.119   1.108   .999 2.802E+02  2.500E+02
 1400 7.458E+00 2.473E-03   762.5   1.102   1.096   .999 2.802E+02  2.500E+02
 1600 9.108E+00 2.438E-03   754.3   1.086   1.084   .999 2.802E+02  2.500E+02
 1800 1.112E+01 2.405E-03   746.7   1.071   1.073   .999 2.802E+02  2.500E+02
 2000 1.358E+01 2.375E-03   739.9   1.058   1.063   .999 2.802E+02  2.500E+02
 2200 1.659E+01 2.350E-03   734.0   1.047   1.055   .999 2.802E+02  2.500E+02
 2400 2.026E+01 2.329E-03   729.0   1.037   1.047   .999 2.802E+02  2.500E+02
 2600 2.475E+01 2.313E-03   725.1   1.030   1.042   .999 2.802E+02  2.500E+02
 2800 3.022E+01 2.302E-03   722.2   1.025   1.038   .999 2.802E+02  2.500E+02
 3000 3.691E+01 2.294E-03   720.3   1.022   1.035   .999 2.802E+02  2.500E+02
 3200 4.508E+01 2.290E-03   719.2   1.020   1.033   .999 2.803E+02  2.500E+02
 3400 5.504E+01 2.288E-03   718.6   1.019   1.032   .999 2.803E+02  2.500E+02
 3600 6.721E+01 2.287E-03   718.4   1.019   1.032   .999 2.803E+02  2.500E+02
 3800 8.209E+01 2.287E-03   718.3   1.019   1.032   .999 2.803E+02  2.500E+02
 4000 1.002E+02 2.287E-03   718.3   1.019   1.032   .999 2.803E+02  2.500E+02
 4200 1.202E+02 2.287E-03   718.3   1.018   1.032   .999 2.803E+02  2.500E+02
 4400 1.402E+02 2.287E-03   718.3   1.019   1.032   .999 2.803E+02  2.500E+02
 4600 1.602E+02 2.287E-03   718.3   1.019   1.032   .999 2.803E+02  2.500E+02
 4800 1.802E+02 2.287E-03   718.3   1.019   1.032   .999 2.803E+02  2.500E+02
 5000 2.002E+02 2.287E-03   718.3   1.018   1.032   .999 2.803E+02  2.500E+02
 5200 2.202E+02 2.287E-03   718.3   1.018   1.032   .999 2.804E+02  2.500E+02
 5400 2.402E+02 2.287E-03   718.3   1.019   1.032   .999 2.804E+02  2.500E+02
 5600 2.602E+02 2.287E-03   718.3   1.019   1.032   .999 2.804E+02  2.500E+02
 5800 2.802E+02 2.287E-03   718.3   1.018   1.032   .999 2.804E+02  2.500E+02
 6000 3.002E+02 2.287E-03   718.3   1.018   1.032   .999 2.804E+02  2.500E+02
 6200 3.202E+02 2.287E-03   718.3   1.018   1.032   .999 2.804E+02  2.500E+02
 6400 3.402E+02 2.287E-03   718.3   1.019   1.032   .999 2.804E+02  2.500E+02
 6427 3.429E+02 2.287E-03   718.3   1.019   1.032   .999 2.804E+02  2.500E+02
