   s31.dat, lam, pipe, CEF, q"s(x)                                         
   constant props, csubp =  2000.00
   for the E-wall, kwall=2
        intg  x/dh           htc         qflux       tm          ts
           5  1.2500001E-02 -1.4047E+01 -1.0000E+01  3.0000E+02  3.0071E+02
          20  5.0000049E-02 -1.4178E+01 -1.0000E+01  3.0000E+02  3.0071E+02
          40  1.0000000E-01 -1.4269E+01 -1.0000E+01  3.0000E+02  3.0070E+02
          60  1.6074334E-01 -1.4345E+01 -1.0000E+01  3.0000E+02  3.0070E+02
          80  2.4958457E-01 -1.4429E+01 -1.0000E+01  3.0000E+02  3.0069E+02
         100  3.8370817E-01 -1.4524E+01 -1.0000E+01  3.0000E+02  3.0069E+02
         120  5.8300878E-01 -1.4632E+01 -1.0000E+01  3.0000E+02  3.0068E+02
         140  8.7915909E-01 -1.4756E+01 -1.0000E+01  3.0000E+02  3.0068E+02
         160  1.3192237E+00 -1.4899E+01 -1.0000E+01  3.0000E+02  3.0067E+02
         180  1.9731338E+00 -1.5064E+01 -1.0000E+01  3.0000E+02  3.0066E+02
         200  2.9448148E+00 -1.5257E+01 -1.0000E+01  3.0000E+02  3.0066E+02
         220  4.3886694E+00 -1.5483E+01 -1.0000E+01  3.0000E+02  3.0065E+02
         240  6.4890390E+00 -1.5743E+01 -1.0000E+01  3.0000E+02  3.0064E+02
         260  9.6771482E+00 -1.6058E+01 -1.0000E+01  3.0000E+02  3.0062E+02
         262  1.0000009E+01 -1.6086E+01 -1.0000E+01  3.0000E+02  3.0062E+02
