   s31.dat, lam, pipe, CEF, q"s(x)                                         
   constant props, csubp =  2000.00
   for the E-wall, kwall=2
        intg  x/dh           htc         umean       nu
           5  1.2500001E-02 -1.4047E+01  5.0920E+00 -8.3616E+00
          20  5.0000049E-02 -1.4178E+01  5.0920E+00 -8.4390E+00
          40  1.0000000E-01 -1.4269E+01  5.0920E+00 -8.4934E+00
          60  1.6074334E-01 -1.4345E+01  5.0920E+00 -8.5390E+00
          80  2.4958457E-01 -1.4429E+01  5.0920E+00 -8.5885E+00
         100  3.8370817E-01 -1.4524E+01  5.0920E+00 -8.6452E+00
         120  5.8300878E-01 -1.4632E+01  5.0920E+00 -8.7096E+00
         140  8.7915909E-01 -1.4756E+01  5.0920E+00 -8.7833E+00
         160  1.3192237E+00 -1.4899E+01  5.0920E+00 -8.8683E+00
         180  1.9731338E+00 -1.5064E+01  5.0920E+00 -8.9668E+00
         200  2.9448148E+00 -1.5257E+01  5.0920E+00 -9.0815E+00
         220  4.3886694E+00 -1.5483E+01  5.0920E+00 -9.2158E+00
         240  6.4890390E+00 -1.5743E+01  5.0920E+00 -9.3708E+00
         260  9.6771482E+00 -1.6058E+01  5.0920E+00 -9.5583E+00
         262  1.0000009E+01 -1.6086E+01  5.0920E+00 -9.5752E+00
