   s200_5.dat, turb ml, flat plate, Ts(x)                                  
   scaling factor for x/s, s=  1.0000E+00
   constant props, csubp =  1005.00 htc based on (ts-tinf)
        intg  x/s            htc         qflux       ts          tinf
           5  2.0009426E-01  5.6955E+01 -2.8478E+02  2.9500E+02  3.0000E+02
          50  2.0182762E-01  5.9301E+01 -2.9651E+02  2.9500E+02  3.0000E+02
         100  2.0820428E-01  5.6158E+01 -2.8079E+02  2.9500E+02  3.0000E+02
         150  2.2608242E-01  5.3987E+01 -2.6994E+02  2.9500E+02  3.0000E+02
         200  2.4977884E-01  5.2605E+01 -2.6302E+02  2.9500E+02  3.0000E+02
         250  2.7491035E-01  5.0168E+01 -2.5084E+02  2.9500E+02  3.0000E+02
         300  3.0137550E-01  4.8201E+01 -2.4101E+02  2.9500E+02  3.0000E+02
         350  3.2906663E-01  4.6584E+01 -2.3292E+02  2.9500E+02  3.0000E+02
         400  3.5803611E-01  4.5269E+01 -2.2635E+02  2.9500E+02  3.0000E+02
         450  3.8814417E-01  4.4176E+01 -2.2088E+02  2.9500E+02  3.0000E+02
         500  4.1956017E-01  4.3239E+01 -2.1619E+02  2.9500E+02  3.0000E+02
         550  4.5220894E-01  4.2424E+01 -2.1212E+02  2.9500E+02  3.0000E+02
         600  4.8601586E-01  4.1728E+01 -2.0864E+02  2.9500E+02  3.0000E+02
         650  5.2103486E-01  4.1068E+01 -2.0534E+02  2.9500E+02  3.0000E+02
         700  5.5742536E-01  4.0483E+01 -2.0241E+02  2.9500E+02  3.0000E+02
         750  5.9520276E-01  3.9949E+01 -1.9975E+02  2.9500E+02  3.0000E+02
         800  6.3439697E-01  3.9459E+01 -1.9729E+02  2.9500E+02  3.0000E+02
         850  6.7505209E-01  3.9005E+01 -1.9502E+02  2.9500E+02  3.0000E+02
         900  7.1722322E-01  3.8581E+01 -1.9291E+02  2.9500E+02  3.0000E+02
         950  7.6097478E-01  3.8184E+01 -1.9092E+02  2.9500E+02  3.0000E+02
        1000  8.0637978E-01  3.7809E+01 -1.8904E+02  2.9500E+02  3.0000E+02
        1050  8.5351680E-01  3.7452E+01 -1.8726E+02  2.9500E+02  3.0000E+02
        1100  9.0246572E-01  3.7112E+01 -1.8556E+02  2.9500E+02  3.0000E+02
        1150  9.5330577E-01  3.6787E+01 -1.8393E+02  2.9500E+02  3.0000E+02
        1200  1.0061136E+00  3.6474E+01 -1.8237E+02  2.9500E+02  3.0000E+02
        1250  1.0609616E+00  3.6172E+01 -1.8086E+02  2.9500E+02  3.0000E+02
        1300  1.1179171E+00  3.5880E+01 -1.7940E+02  2.9500E+02  3.0000E+02
        1350  1.1770424E+00  3.5606E+01 -1.7803E+02  2.9500E+02  3.0000E+02
        1400  1.2383962E+00  3.5315E+01 -1.7657E+02  2.9500E+02  3.0000E+02
        1450  1.3022329E+00  3.5046E+01 -1.7523E+02  2.9500E+02  3.0000E+02
        1500  1.3688299E+00  3.4784E+01 -1.7392E+02  2.9500E+02  3.0000E+02
        1550  1.4382563E+00  3.4528E+01 -1.7264E+02  2.9500E+02  3.0000E+02
        1600  1.5105698E+00  3.4276E+01 -1.7138E+02  2.9500E+02  3.0000E+02
        1650  1.5858192E+00  3.4030E+01 -1.7015E+02  2.9500E+02  3.0000E+02
        1700  1.6640470E+00  3.3789E+01 -1.6894E+02  2.9500E+02  3.0000E+02
        1750  1.7452942E+00  3.3552E+01 -1.6776E+02  2.9500E+02  3.0000E+02
        1800  1.8296019E+00  3.3321E+01 -1.6660E+02  2.9500E+02  3.0000E+02
        1850  1.9172817E+00  3.3093E+01 -1.6546E+02  2.9500E+02  3.0000E+02
        1900  2.0088131E+00  3.2868E+01 -1.6434E+02  2.9500E+02  3.0000E+02
        1950  2.1042254E+00  3.2645E+01 -1.6323E+02  2.9500E+02  3.0000E+02
        2000  2.2035387E+00  3.2427E+01 -1.6213E+02  2.9500E+02  3.0000E+02
        2050  2.3067737E+00  3.2211E+01 -1.6106E+02  2.9500E+02  3.0000E+02
        2100  2.4139576E+00  3.2000E+01 -1.6000E+02  2.9500E+02  3.0000E+02
        2150  2.5251237E+00  3.1792E+01 -1.5896E+02  2.9500E+02  3.0000E+02
        2200  2.6405781E+00  3.1586E+01 -1.5793E+02  2.9500E+02  3.0000E+02
        2250  2.7610187E+00  3.1384E+01 -1.5692E+02  2.9500E+02  3.0000E+02
        2300  2.8864821E+00  3.1183E+01 -1.5592E+02  2.9500E+02  3.0000E+02
        2344  3.0000000E+00  3.1012E+01 -1.5506E+02  2.9500E+02  3.0000E+02
