   s10.dat, lam, Blasius, Ts(x)                                            
   scaling factor for x/s, s=  1.0000E+00
   constant props, csubp =  4180.00 htc based on (ts-tinf)
        intg  x/s            htc         qflux       ts          tinf
           5  1.0428326E-03  5.1696E+04 -2.5848E+05  2.9500E+02  3.0000E+02
          50  1.0835254E-03  5.0709E+04 -2.5354E+05  2.9500E+02  3.0000E+02
         100  1.2782429E-03  4.6676E+04 -2.3338E+05  2.9500E+02  3.0000E+02
         150  1.4890643E-03  4.3246E+04 -2.1623E+05  2.9500E+02  3.0000E+02
         200  1.7159746E-03  4.0288E+04 -2.0144E+05  2.9500E+02  3.0000E+02
         250  1.9589775E-03  3.7710E+04 -1.8855E+05  2.9500E+02  3.0000E+02
         300  2.2180195E-03  3.5442E+04 -1.7721E+05  2.9500E+02  3.0000E+02
         350  2.4932325E-03  3.3429E+04 -1.6715E+05  2.9500E+02  3.0000E+02
         400  2.7845562E-03  3.1632E+04 -1.5816E+05  2.9500E+02  3.0000E+02
         450  3.0919791E-03  3.0017E+04 -1.5008E+05  2.9500E+02  3.0000E+02
         500  3.4154994E-03  2.8558E+04 -1.4279E+05  2.9500E+02  3.0000E+02
         550  3.7551175E-03  2.7233E+04 -1.3617E+05  2.9500E+02  3.0000E+02
         600  4.1108341E-03  2.6026E+04 -1.3013E+05  2.9500E+02  3.0000E+02
         650  4.4826497E-03  2.4921E+04 -1.2460E+05  2.9500E+02  3.0000E+02
         700  4.8705648E-03  2.3905E+04 -1.1953E+05  2.9500E+02  3.0000E+02
         750  5.2745797E-03  2.2969E+04 -1.1485E+05  2.9500E+02  3.0000E+02
         800  5.6946949E-03  2.2103E+04 -1.1052E+05  2.9500E+02  3.0000E+02
         850  6.1309104E-03  2.1301E+04 -1.0650E+05  2.9500E+02  3.0000E+02
         900  6.5832265E-03  2.0554E+04 -1.0277E+05  2.9500E+02  3.0000E+02
         950  7.0516432E-03  1.9858E+04 -9.9288E+04  2.9500E+02  3.0000E+02
        1000  7.5361607E-03  1.9207E+04 -9.6035E+04  2.9500E+02  3.0000E+02
        1050  8.0367791E-03  1.8598E+04 -9.2988E+04  2.9500E+02  3.0000E+02
        1100  8.5534985E-03  1.8026E+04 -9.0128E+04  2.9500E+02  3.0000E+02
        1150  9.0863188E-03  1.7488E+04 -8.7439E+04  2.9500E+02  3.0000E+02
        1200  9.6352402E-03  1.6981E+04 -8.4905E+04  2.9500E+02  3.0000E+02
        1250  1.0200263E-02  1.6503E+04 -8.2514E+04  2.9500E+02  3.0000E+02
        1300  1.0781386E-02  1.6051E+04 -8.0254E+04  2.9500E+02  3.0000E+02
        1350  1.1378611E-02  1.5623E+04 -7.8115E+04  2.9500E+02  3.0000E+02
        1400  1.1991937E-02  1.5217E+04 -7.6086E+04  2.9500E+02  3.0000E+02
        1450  1.2621364E-02  1.4832E+04 -7.4160E+04  2.9500E+02  3.0000E+02
        1500  1.3266892E-02  1.4466E+04 -7.2329E+04  2.9500E+02  3.0000E+02
        1550  1.3928522E-02  1.4117E+04 -7.0587E+04  2.9500E+02  3.0000E+02
        1600  1.4606253E-02  1.3785E+04 -6.8926E+04  2.9500E+02  3.0000E+02
        1650  1.5300085E-02  1.3468E+04 -6.7342E+04  2.9500E+02  3.0000E+02
        1700  1.6010018E-02  1.3166E+04 -6.5829E+04  2.9500E+02  3.0000E+02
        1750  1.6736053E-02  1.2876E+04 -6.4382E+04  2.9500E+02  3.0000E+02
        1800  1.7478189E-02  1.2600E+04 -6.2998E+04  2.9500E+02  3.0000E+02
        1850  1.8236426E-02  1.2334E+04 -6.1672E+04  2.9500E+02  3.0000E+02
        1900  1.9010764E-02  1.2080E+04 -6.0400E+04  2.9500E+02  3.0000E+02
        1950  1.9801204E-02  1.1836E+04 -5.9180E+04  2.9500E+02  3.0000E+02
        2000  2.0607745E-02  1.1602E+04 -5.8009E+04  2.9500E+02  3.0000E+02
        2050  2.1430388E-02  1.1376E+04 -5.6882E+04  2.9500E+02  3.0000E+02
        2100  2.2269132E-02  1.1160E+04 -5.5799E+04  2.9500E+02  3.0000E+02
        2150  2.3123977E-02  1.0951E+04 -5.4756E+04  2.9500E+02  3.0000E+02
        2200  2.3994923E-02  1.0750E+04 -5.3752E+04  2.9500E+02  3.0000E+02
        2250  2.4881971E-02  1.0557E+04 -5.2783E+04  2.9500E+02  3.0000E+02
        2300  2.5785120E-02  1.0370E+04 -5.1849E+04  2.9500E+02  3.0000E+02
        2350  2.6704371E-02  1.0190E+04 -5.0948E+04  2.9500E+02  3.0000E+02
        2400  2.7639723E-02  1.0015E+04 -5.0077E+04  2.9500E+02  3.0000E+02
        2450  2.8591176E-02  9.8471E+03 -4.9235E+04  2.9500E+02  3.0000E+02
        2500  2.9558730E-02  9.6843E+03 -4.8422E+04  2.9500E+02  3.0000E+02
        2550  3.0542386E-02  9.5269E+03 -4.7634E+04  2.9500E+02  3.0000E+02
        2600  3.1542144E-02  9.3745E+03 -4.6872E+04  2.9500E+02  3.0000E+02
        2650  3.2558002E-02  9.2269E+03 -4.6134E+04  2.9500E+02  3.0000E+02
        2700  3.3589962E-02  9.0838E+03 -4.5419E+04  2.9500E+02  3.0000E+02
        2750  3.4638024E-02  8.9452E+03 -4.4726E+04  2.9500E+02  3.0000E+02
        2800  3.5702186E-02  8.8107E+03 -4.4053E+04  2.9500E+02  3.0000E+02
        2850  3.6782450E-02  8.6802E+03 -4.3401E+04  2.9500E+02  3.0000E+02
        2900  3.7878816E-02  8.5535E+03 -4.2767E+04  2.9500E+02  3.0000E+02
        2950  3.8991283E-02  8.4304E+03 -4.2152E+04  2.9500E+02  3.0000E+02
        3000  4.0119851E-02  8.3109E+03 -4.1554E+04  2.9500E+02  3.0000E+02
        3050  4.1264520E-02  8.1947E+03 -4.0973E+04  2.9500E+02  3.0000E+02
        3100  4.2425291E-02  8.0816E+03 -4.0408E+04  2.9500E+02  3.0000E+02
        3150  4.3602163E-02  7.9717E+03 -3.9859E+04  2.9500E+02  3.0000E+02
        3200  4.4795137E-02  7.8647E+03 -3.9324E+04  2.9500E+02  3.0000E+02
        3250  4.6004212E-02  7.7606E+03 -3.8803E+04  2.9500E+02  3.0000E+02
        3300  4.7229388E-02  7.6592E+03 -3.8296E+04  2.9500E+02  3.0000E+02
        3350  4.8470666E-02  7.5603E+03 -3.7802E+04  2.9500E+02  3.0000E+02
        3400  4.9728045E-02  7.4641E+03 -3.7320E+04  2.9500E+02  3.0000E+02
        3450  5.0994629E-02  7.3707E+03 -3.6853E+04  2.9500E+02  3.0000E+02
        3500  5.2284124E-02  7.2791E+03 -3.6396E+04  2.9500E+02  3.0000E+02
        3550  5.3589720E-02  7.1898E+03 -3.5949E+04  2.9500E+02  3.0000E+02
        3600  5.4911418E-02  7.1027E+03 -3.5513E+04  2.9500E+02  3.0000E+02
        3650  5.6249218E-02  7.0176E+03 -3.5088E+04  2.9500E+02  3.0000E+02
        3700  5.7603119E-02  6.9346E+03 -3.4673E+04  2.9500E+02  3.0000E+02
        3750  5.8973121E-02  6.8535E+03 -3.4268E+04  2.9500E+02  3.0000E+02
        3800  6.0359224E-02  6.7743E+03 -3.3871E+04  2.9500E+02  3.0000E+02
        3850  6.1761429E-02  6.6969E+03 -3.3484E+04  2.9500E+02  3.0000E+02
        3900  6.3179735E-02  6.6212E+03 -3.3106E+04  2.9500E+02  3.0000E+02
        3950  6.4614143E-02  6.5473E+03 -3.2736E+04  2.9500E+02  3.0000E+02
        4000  6.6064652E-02  6.4749E+03 -3.2375E+04  2.9500E+02  3.0000E+02
        4050  6.7531262E-02  6.4042E+03 -3.2021E+04  2.9500E+02  3.0000E+02
        4100  6.9013974E-02  6.3349E+03 -3.1675E+04  2.9500E+02  3.0000E+02
        4150  7.0512787E-02  6.2672E+03 -3.1336E+04  2.9500E+02  3.0000E+02
        4200  7.2027701E-02  6.2009E+03 -3.1004E+04  2.9500E+02  3.0000E+02
        4250  7.3558717E-02  6.1360E+03 -3.0680E+04  2.9500E+02  3.0000E+02
        4300  7.5105835E-02  6.0724E+03 -3.0362E+04  2.9500E+02  3.0000E+02
        4350  7.6669053E-02  6.0101E+03 -3.0051E+04  2.9500E+02  3.0000E+02
        4400  7.8248373E-02  5.9491E+03 -2.9746E+04  2.9500E+02  3.0000E+02
        4450  7.9843795E-02  5.8893E+03 -2.9447E+04  2.9500E+02  3.0000E+02
        4500  8.1455317E-02  5.8307E+03 -2.9154E+04  2.9500E+02  3.0000E+02
        4550  8.3082941E-02  5.7733E+03 -2.8867E+04  2.9500E+02  3.0000E+02
        4600  8.4726667E-02  5.7170E+03 -2.8585E+04  2.9500E+02  3.0000E+02
        4650  8.6386494E-02  5.6618E+03 -2.8309E+04  2.9500E+02  3.0000E+02
        4700  8.8062422E-02  5.6076E+03 -2.8038E+04  2.9500E+02  3.0000E+02
        4750  8.9754452E-02  5.5545E+03 -2.7772E+04  2.9500E+02  3.0000E+02
        4800  9.1462583E-02  5.5023E+03 -2.7512E+04  2.9500E+02  3.0000E+02
        4850  9.3186815E-02  5.4511E+03 -2.7256E+04  2.9500E+02  3.0000E+02
        4900  9.4927149E-02  5.4009E+03 -2.7005E+04  2.9500E+02  3.0000E+02
        4950  9.6683584E-02  5.3516E+03 -2.6758E+04  2.9500E+02  3.0000E+02
        5000  9.8456121E-02  5.3032E+03 -2.6516E+04  2.9500E+02  3.0000E+02
        5050  1.0025139E-01  5.2554E+03 -2.6277E+04  2.9500E+02  3.0000E+02
        5100  1.0205619E-01  5.2087E+03 -2.6044E+04  2.9500E+02  3.0000E+02
        5150  1.0387709E-01  5.1629E+03 -2.5814E+04  2.9500E+02  3.0000E+02
        5200  1.0571409E-01  5.1178E+03 -2.5589E+04  2.9500E+02  3.0000E+02
        5250  1.0756719E-01  5.0735E+03 -2.5367E+04  2.9500E+02  3.0000E+02
        5300  1.0943639E-01  5.0299E+03 -2.5150E+04  2.9500E+02  3.0000E+02
        5350  1.1132170E-01  4.9871E+03 -2.4936E+04  2.9500E+02  3.0000E+02
        5400  1.1322311E-01  4.9451E+03 -2.4725E+04  2.9500E+02  3.0000E+02
        5450  1.1514062E-01  4.9037E+03 -2.4518E+04  2.9500E+02  3.0000E+02
        5500  1.1707423E-01  4.8630E+03 -2.4315E+04  2.9500E+02  3.0000E+02
        5550  1.1902394E-01  4.8230E+03 -2.4115E+04  2.9500E+02  3.0000E+02
        5600  1.2098975E-01  4.7836E+03 -2.3918E+04  2.9500E+02  3.0000E+02
        5650  1.2297166E-01  4.7449E+03 -2.3724E+04  2.9500E+02  3.0000E+02
        5700  1.2496968E-01  4.7068E+03 -2.3534E+04  2.9500E+02  3.0000E+02
        5750  1.2698380E-01  4.6693E+03 -2.3346E+04  2.9500E+02  3.0000E+02
        5800  1.2901401E-01  4.6324E+03 -2.3162E+04  2.9500E+02  3.0000E+02
        5850  1.3106033E-01  4.5961E+03 -2.2980E+04  2.9500E+02  3.0000E+02
        5900  1.3312275E-01  4.5603E+03 -2.2802E+04  2.9500E+02  3.0000E+02
        5950  1.3520128E-01  4.5251E+03 -2.2626E+04  2.9500E+02  3.0000E+02
        6000  1.3729590E-01  4.4904E+03 -2.2452E+04  2.9500E+02  3.0000E+02
        6050  1.3940662E-01  4.4563E+03 -2.2281E+04  2.9500E+02  3.0000E+02
        6100  1.4153345E-01  4.4227E+03 -2.2113E+04  2.9500E+02  3.0000E+02
        6150  1.4367638E-01  4.3896E+03 -2.1948E+04  2.9500E+02  3.0000E+02
        6200  1.4583541E-01  4.3569E+03 -2.1785E+04  2.9500E+02  3.0000E+02
        6250  1.4801054E-01  4.3248E+03 -2.1624E+04  2.9500E+02  3.0000E+02
        6300  1.5017588E-01  4.2935E+03 -2.1467E+04  2.9500E+02  3.0000E+02
        6350  1.5238302E-01  4.2622E+03 -2.1311E+04  2.9500E+02  3.0000E+02
        6400  1.5460626E-01  4.2315E+03 -2.1157E+04  2.9500E+02  3.0000E+02
        6450  1.5684561E-01  4.2011E+03 -2.1006E+04  2.9500E+02  3.0000E+02
        6500  1.5910106E-01  4.1713E+03 -2.0856E+04  2.9500E+02  3.0000E+02
        6550  1.6137261E-01  4.1418E+03 -2.0709E+04  2.9500E+02  3.0000E+02
        6600  1.6366026E-01  4.1127E+03 -2.0564E+04  2.9500E+02  3.0000E+02
        6650  1.6596401E-01  4.0841E+03 -2.0420E+04  2.9500E+02  3.0000E+02
        6700  1.6828386E-01  4.0558E+03 -2.0279E+04  2.9500E+02  3.0000E+02
        6750  1.7061982E-01  4.0279E+03 -2.0140E+04  2.9500E+02  3.0000E+02
        6800  1.7297188E-01  4.0004E+03 -2.0002E+04  2.9500E+02  3.0000E+02
        6850  1.7534003E-01  3.9733E+03 -1.9867E+04  2.9500E+02  3.0000E+02
        6900  1.7772429E-01  3.9466E+03 -1.9733E+04  2.9500E+02  3.0000E+02
        6950  1.8012465E-01  3.9202E+03 -1.9601E+04  2.9500E+02  3.0000E+02
        7000  1.8254111E-01  3.8941E+03 -1.9471E+04  2.9500E+02  3.0000E+02
        7050  1.8497368E-01  3.8684E+03 -1.9342E+04  2.9500E+02  3.0000E+02
        7100  1.8742234E-01  3.8431E+03 -1.9215E+04  2.9500E+02  3.0000E+02
        7150  1.8988711E-01  3.8180E+03 -1.9090E+04  2.9500E+02  3.0000E+02
        7200  1.9236797E-01  3.7933E+03 -1.8967E+04  2.9500E+02  3.0000E+02
        7250  1.9486494E-01  3.7689E+03 -1.8845E+04  2.9500E+02  3.0000E+02
        7300  1.9737801E-01  3.7449E+03 -1.8724E+04  2.9500E+02  3.0000E+02
        7350  1.9990718E-01  3.7211E+03 -1.8605E+04  2.9500E+02  3.0000E+02
        7352  2.0000000E-01  3.7202E+03 -1.8601E+04  2.9500E+02  3.0000E+02
