   s10.dat, lam, Blasius, Ts(x)                                            
   scaling factor for x/s, s=  1.0000E+00
   constant props, csubp =  4180.00 htc based on (ts-tinf)
 x/s           rex           rem        cf/2      reh       st        nu
 1.0428326E-03 1.9542513E+04 9.2848E+01 2.375E-03 3.154E+01 8.280E-04 8.091E+01
 1.0835254E-03 2.0305089E+04 9.4642E+01 2.330E-03 3.216E+01 8.122E-04 8.246E+01
 1.2782429E-03 2.3954064E+04 1.0279E+02 2.145E-03 3.500E+01 7.476E-04 8.955E+01
 1.4890643E-03 2.7904822E+04 1.1094E+02 1.988E-03 3.785E+01 6.927E-04 9.665E+01
 1.7159746E-03 3.2157085E+04 1.1910E+02 1.852E-03 4.069E+01 6.453E-04 1.038E+02
 1.9589775E-03 3.6710919E+04 1.2725E+02 1.733E-03 4.353E+01 6.040E-04 1.109E+02
 2.2180195E-03 4.1565324E+04 1.3541E+02 1.629E-03 4.637E+01 5.677E-04 1.180E+02
 2.4932325E-03 4.6722771E+04 1.4357E+02 1.536E-03 4.922E+01 5.355E-04 1.251E+02
 2.7845562E-03 5.2182129E+04 1.5173E+02 1.454E-03 5.206E+01 5.067E-04 1.322E+02
 3.0919791E-03 5.7943184E+04 1.5989E+02 1.380E-03 5.490E+01 4.808E-04 1.393E+02
 3.4154994E-03 6.4005902E+04 1.6805E+02 1.313E-03 5.775E+01 4.574E-04 1.464E+02
 3.7551175E-03 7.0370290E+04 1.7621E+02 1.252E-03 6.059E+01 4.362E-04 1.535E+02
 4.1108341E-03 7.7036360E+04 1.8437E+02 1.196E-03 6.343E+01 4.169E-04 1.606E+02
 4.4826497E-03 8.4004123E+04 1.9253E+02 1.146E-03 6.628E+01 3.992E-04 1.677E+02
 4.8705648E-03 9.1273589E+04 2.0068E+02 1.099E-03 6.912E+01 3.829E-04 1.747E+02
 5.2745797E-03 9.8844764E+04 2.0884E+02 1.056E-03 7.196E+01 3.679E-04 1.818E+02
 5.6946949E-03 1.0671765E+05 2.1700E+02 1.016E-03 7.480E+01 3.540E-04 1.889E+02
 6.1309104E-03 1.1489226E+05 2.2516E+02 9.796E-04 7.765E+01 3.412E-04 1.960E+02
 6.5832265E-03 1.2336859E+05 2.3332E+02 9.453E-04 8.049E+01 3.292E-04 2.031E+02
 7.0516432E-03 1.3214664E+05 2.4148E+02 9.134E-04 8.333E+01 3.181E-04 2.102E+02
 7.5361607E-03 1.4122642E+05 2.4963E+02 8.835E-04 8.617E+01 3.077E-04 2.172E+02
 8.0367791E-03 1.5060793E+05 2.5779E+02 8.556E-04 8.901E+01 2.979E-04 2.243E+02
 8.5534985E-03 1.6029117E+05 2.6595E+02 8.293E-04 9.185E+01 2.887E-04 2.314E+02
 9.0863188E-03 1.7027613E+05 2.7411E+02 8.046E-04 9.469E+01 2.801E-04 2.385E+02
 9.6352402E-03 1.8056283E+05 2.8227E+02 7.814E-04 9.753E+01 2.720E-04 2.456E+02
 1.0200263E-02 1.9115126E+05 2.9043E+02 7.594E-04 1.004E+02 2.643E-04 2.526E+02
 1.0781386E-02 2.0204142E+05 2.9858E+02 7.387E-04 1.032E+02 2.571E-04 2.597E+02
 1.1378611E-02 2.1323331E+05 3.0674E+02 7.190E-04 1.060E+02 2.502E-04 2.668E+02
 1.1991937E-02 2.2472694E+05 3.1490E+02 7.004E-04 1.089E+02 2.437E-04 2.739E+02
 1.2621364E-02 2.3652230E+05 3.2306E+02 6.827E-04 1.117E+02 2.376E-04 2.810E+02
 1.3266892E-02 2.4861940E+05 3.3121E+02 6.659E-04 1.146E+02 2.317E-04 2.880E+02
 1.3928522E-02 2.6101823E+05 3.3937E+02 6.499E-04 1.174E+02 2.261E-04 2.951E+02
 1.4606253E-02 2.7371879E+05 3.4753E+02 6.346E-04 1.202E+02 2.208E-04 3.022E+02
 1.5300085E-02 2.8672109E+05 3.5569E+02 6.201E-04 1.231E+02 2.157E-04 3.093E+02
 1.6010018E-02 3.0002513E+05 3.6385E+02 6.062E-04 1.259E+02 2.109E-04 3.164E+02
 1.6736053E-02 3.1363090E+05 3.7200E+02 5.929E-04 1.288E+02 2.063E-04 3.234E+02
 1.7478189E-02 3.2753841E+05 3.8016E+02 5.802E-04 1.316E+02 2.018E-04 3.305E+02
 1.8236426E-02 3.4174765E+05 3.8832E+02 5.680E-04 1.344E+02 1.976E-04 3.376E+02
 1.9010764E-02 3.5625863E+05 3.9648E+02 5.563E-04 1.373E+02 1.935E-04 3.447E+02
 1.9801204E-02 3.7107134E+05 4.0464E+02 5.451E-04 1.401E+02 1.896E-04 3.518E+02
 2.0607745E-02 3.8618579E+05 4.1279E+02 5.343E-04 1.429E+02 1.858E-04 3.588E+02
 2.1430388E-02 4.0160197E+05 4.2095E+02 5.239E-04 1.458E+02 1.822E-04 3.659E+02
 2.2269132E-02 4.1731990E+05 4.2911E+02 5.140E-04 1.486E+02 1.788E-04 3.730E+02
 2.3123977E-02 4.3333956E+05 4.3727E+02 5.044E-04 1.515E+02 1.754E-04 3.801E+02
 2.3994923E-02 4.4966095E+05 4.4542E+02 4.952E-04 1.543E+02 1.722E-04 3.871E+02
 2.4881971E-02 4.6628408E+05 4.5358E+02 4.863E-04 1.571E+02 1.691E-04 3.942E+02
 2.5785120E-02 4.8320895E+05 4.6174E+02 4.777E-04 1.600E+02 1.661E-04 4.013E+02
 2.6704371E-02 5.0043555E+05 4.6990E+02 4.694E-04 1.628E+02 1.632E-04 4.084E+02
 2.7639723E-02 5.1796389E+05 4.7806E+02 4.614E-04 1.656E+02 1.604E-04 4.155E+02
 2.8591176E-02 5.3579397E+05 4.8621E+02 4.536E-04 1.685E+02 1.577E-04 4.225E+02
 2.9558730E-02 5.5392579E+05 4.9437E+02 4.461E-04 1.713E+02 1.551E-04 4.296E+02
 3.0542386E-02 5.7235934E+05 5.0253E+02 4.389E-04 1.742E+02 1.526E-04 4.367E+02
 3.1542144E-02 5.9109463E+05 5.1069E+02 4.319E-04 1.770E+02 1.502E-04 4.438E+02
 3.2558002E-02 6.1013165E+05 5.1885E+02 4.251E-04 1.798E+02 1.478E-04 4.509E+02
 3.3589962E-02 6.2947041E+05 5.2700E+02 4.185E-04 1.827E+02 1.455E-04 4.579E+02
 3.4638024E-02 6.4911091E+05 5.3516E+02 4.121E-04 1.855E+02 1.433E-04 4.650E+02
 3.5702186E-02 6.6905315E+05 5.4332E+02 4.059E-04 1.883E+02 1.411E-04 4.721E+02
 3.6782450E-02 6.8929712E+05 5.5148E+02 3.999E-04 1.912E+02 1.390E-04 4.792E+02
 3.7878816E-02 7.0984283E+05 5.5963E+02 3.941E-04 1.940E+02 1.370E-04 4.863E+02
 3.8991283E-02 7.3069027E+05 5.6779E+02 3.884E-04 1.968E+02 1.350E-04 4.933E+02
 4.0119851E-02 7.5183946E+05 5.7595E+02 3.829E-04 1.997E+02 1.331E-04 5.004E+02
 4.1264520E-02 7.7329038E+05 5.8411E+02 3.776E-04 2.025E+02 1.313E-04 5.075E+02
 4.2425291E-02 7.9504304E+05 5.9227E+02 3.724E-04 2.053E+02 1.294E-04 5.146E+02
 4.3602163E-02 8.1709743E+05 6.0042E+02 3.673E-04 2.082E+02 1.277E-04 5.217E+02
 4.4795137E-02 8.3945356E+05 6.0858E+02 3.624E-04 2.110E+02 1.260E-04 5.287E+02
 4.6004212E-02 8.6211143E+05 6.1674E+02 3.576E-04 2.139E+02 1.243E-04 5.358E+02
 4.7229388E-02 8.8507104E+05 6.2490E+02 3.529E-04 2.167E+02 1.227E-04 5.429E+02
 4.8470666E-02 9.0833238E+05 6.3305E+02 3.484E-04 2.195E+02 1.211E-04 5.500E+02
 4.9728045E-02 9.3189546E+05 6.4121E+02 3.440E-04 2.224E+02 1.196E-04 5.571E+02
 5.0994629E-02 9.5563102E+05 6.4933E+02 3.397E-04 2.252E+02 1.181E-04 5.641E+02
 5.2284124E-02 9.7979595E+05 6.5748E+02 3.355E-04 2.280E+02 1.166E-04 5.712E+02
 5.3589720E-02 1.0042626E+06 6.6564E+02 3.313E-04 2.309E+02 1.152E-04 5.783E+02
 5.4911418E-02 1.0290310E+06 6.7380E+02 3.273E-04 2.337E+02 1.138E-04 5.854E+02
 5.6249218E-02 1.0541012E+06 6.8196E+02 3.234E-04 2.365E+02 1.124E-04 5.924E+02
 5.7603119E-02 1.0794730E+06 6.9012E+02 3.196E-04 2.394E+02 1.111E-04 5.995E+02
 5.8973121E-02 1.1051467E+06 6.9827E+02 3.159E-04 2.422E+02 1.098E-04 6.066E+02
 6.0359224E-02 1.1311220E+06 7.0643E+02 3.122E-04 2.450E+02 1.085E-04 6.137E+02
 6.1761429E-02 1.1573991E+06 7.1459E+02 3.086E-04 2.479E+02 1.073E-04 6.208E+02
 6.3179735E-02 1.1839779E+06 7.2275E+02 3.052E-04 2.507E+02 1.061E-04 6.278E+02
 6.4614143E-02 1.2108585E+06 7.3090E+02 3.018E-04 2.535E+02 1.049E-04 6.349E+02
 6.6064652E-02 1.2380408E+06 7.3906E+02 2.984E-04 2.564E+02 1.037E-04 6.420E+02
 6.7531262E-02 1.2655248E+06 7.4722E+02 2.952E-04 2.592E+02 1.026E-04 6.491E+02
 6.9013974E-02 1.2933106E+06 7.5538E+02 2.920E-04 2.620E+02 1.015E-04 6.562E+02
 7.0512787E-02 1.3213981E+06 7.6354E+02 2.889E-04 2.649E+02 1.004E-04 6.632E+02
 7.2027701E-02 1.3497874E+06 7.7169E+02 2.858E-04 2.677E+02 9.932E-05 6.703E+02
 7.3558717E-02 1.3784784E+06 7.7985E+02 2.828E-04 2.705E+02 9.828E-05 6.774E+02
 7.5105835E-02 1.4074711E+06 7.8801E+02 2.799E-04 2.734E+02 9.727E-05 6.845E+02
 7.6669053E-02 1.4367656E+06 7.9617E+02 2.770E-04 2.762E+02 9.627E-05 6.916E+02
 7.8248373E-02 1.4663617E+06 8.0432E+02 2.742E-04 2.790E+02 9.529E-05 6.987E+02
 7.9843795E-02 1.4962597E+06 8.1248E+02 2.715E-04 2.819E+02 9.433E-05 7.057E+02
 8.1455317E-02 1.5264594E+06 8.2064E+02 2.688E-04 2.847E+02 9.340E-05 7.128E+02
 8.3082941E-02 1.5569608E+06 8.2880E+02 2.661E-04 2.876E+02 9.248E-05 7.199E+02
 8.4726667E-02 1.5877639E+06 8.3696E+02 2.635E-04 2.904E+02 9.157E-05 7.270E+02
 8.6386494E-02 1.6188688E+06 8.4511E+02 2.610E-04 2.932E+02 9.069E-05 7.341E+02
 8.8062422E-02 1.6502754E+06 8.5327E+02 2.585E-04 2.961E+02 8.982E-05 7.411E+02
 8.9754452E-02 1.6819838E+06 8.6143E+02 2.560E-04 2.989E+02 8.897E-05 7.482E+02
 9.1462583E-02 1.7139939E+06 8.6959E+02 2.536E-04 3.017E+02 8.813E-05 7.553E+02
 9.3186815E-02 1.7463057E+06 8.7774E+02 2.513E-04 3.046E+02 8.731E-05 7.624E+02
 9.4927149E-02 1.7789193E+06 8.8590E+02 2.490E-04 3.074E+02 8.651E-05 7.695E+02
 9.6683584E-02 1.8118346E+06 8.9406E+02 2.467E-04 3.102E+02 8.572E-05 7.766E+02
 9.8456121E-02 1.8450516E+06 9.0222E+02 2.445E-04 3.131E+02 8.494E-05 7.836E+02
 1.0025139E-01 1.8786946E+06 9.1041E+02 2.423E-04 3.159E+02 8.418E-05 7.907E+02
 1.0205619E-01 1.9125163E+06 9.1856E+02 2.401E-04 3.187E+02 8.343E-05 7.978E+02
 1.0387709E-01 1.9466396E+06 9.2672E+02 2.380E-04 3.216E+02 8.270E-05 8.049E+02
 1.0571409E-01 1.9810648E+06 9.3488E+02 2.359E-04 3.244E+02 8.197E-05 8.120E+02
 1.0756719E-01 2.0157916E+06 9.4304E+02 2.339E-04 3.273E+02 8.127E-05 8.191E+02
 1.0943639E-01 2.0508202E+06 9.5119E+02 2.319E-04 3.301E+02 8.057E-05 8.262E+02
 1.1132170E-01 2.0861505E+06 9.5935E+02 2.299E-04 3.329E+02 7.988E-05 8.332E+02
 1.1322311E-01 2.1217826E+06 9.6751E+02 2.280E-04 3.358E+02 7.921E-05 8.403E+02
 1.1514062E-01 2.1577164E+06 9.7567E+02 2.261E-04 3.386E+02 7.855E-05 8.474E+02
 1.1707423E-01 2.1939519E+06 9.8383E+02 2.242E-04 3.414E+02 7.789E-05 8.545E+02
 1.1902394E-01 2.2304892E+06 9.9198E+02 2.223E-04 3.443E+02 7.725E-05 8.616E+02
 1.2098975E-01 2.2673282E+06 1.0001E+03 2.205E-04 3.471E+02 7.662E-05 8.686E+02
 1.2297166E-01 2.3044689E+06 1.0083E+03 2.187E-04 3.499E+02 7.600E-05 8.757E+02
 1.2496968E-01 2.3419114E+06 1.0165E+03 2.170E-04 3.528E+02 7.539E-05 8.828E+02
 1.2698380E-01 2.3796556E+06 1.0246E+03 2.153E-04 3.556E+02 7.479E-05 8.899E+02
 1.2901401E-01 2.4177016E+06 1.0328E+03 2.136E-04 3.584E+02 7.420E-05 8.970E+02
 1.3106033E-01 2.4560493E+06 1.0409E+03 2.119E-04 3.613E+02 7.362E-05 9.041E+02
 1.3312275E-01 2.4946987E+06 1.0491E+03 2.102E-04 3.641E+02 7.305E-05 9.111E+02
 1.3520128E-01 2.5336499E+06 1.0572E+03 2.086E-04 3.669E+02 7.248E-05 9.182E+02
 1.3729590E-01 2.5729028E+06 1.0654E+03 2.070E-04 3.698E+02 7.193E-05 9.253E+02
 1.3940662E-01 2.6124574E+06 1.0736E+03 2.054E-04 3.726E+02 7.138E-05 9.324E+02
 1.4153345E-01 2.6523138E+06 1.0817E+03 2.039E-04 3.754E+02 7.084E-05 9.395E+02
 1.4367638E-01 2.6924719E+06 1.0899E+03 2.024E-04 3.783E+02 7.031E-05 9.465E+02
 1.4583541E-01 2.7329318E+06 1.0980E+03 2.009E-04 3.811E+02 6.979E-05 9.536E+02
 1.4801054E-01 2.7736934E+06 1.1062E+03 1.994E-04 3.839E+02 6.927E-05 9.607E+02
 1.5017588E-01 2.8142714E+06 1.1143E+03 1.979E-04 3.867E+02 6.877E-05 9.677E+02
 1.5238302E-01 2.8556329E+06 1.1224E+03 1.965E-04 3.896E+02 6.827E-05 9.748E+02
 1.5460626E-01 2.8972962E+06 1.1306E+03 1.951E-04 3.924E+02 6.778E-05 9.819E+02
 1.5684561E-01 2.9392612E+06 1.1387E+03 1.937E-04 3.952E+02 6.729E-05 9.890E+02
 1.5910106E-01 2.9815279E+06 1.1469E+03 1.923E-04 3.981E+02 6.681E-05 9.960E+02
 1.6137261E-01 3.0240964E+06 1.1550E+03 1.910E-04 4.009E+02 6.634E-05 1.003E+03
 1.6366026E-01 3.0669666E+06 1.1632E+03 1.896E-04 4.037E+02 6.588E-05 1.010E+03
 1.6596401E-01 3.1101385E+06 1.1714E+03 1.883E-04 4.066E+02 6.542E-05 1.017E+03
 1.6828386E-01 3.1536122E+06 1.1795E+03 1.870E-04 4.094E+02 6.496E-05 1.024E+03
 1.7061982E-01 3.1973876E+06 1.1877E+03 1.857E-04 4.122E+02 6.452E-05 1.031E+03
 1.7297188E-01 3.2414647E+06 1.1958E+03 1.844E-04 4.151E+02 6.408E-05 1.039E+03
 1.7534003E-01 3.2858436E+06 1.2040E+03 1.832E-04 4.179E+02 6.364E-05 1.046E+03
 1.7772429E-01 3.3305242E+06 1.2121E+03 1.820E-04 4.208E+02 6.321E-05 1.053E+03
 1.8012465E-01 3.3755066E+06 1.2203E+03 1.807E-04 4.236E+02 6.279E-05 1.060E+03
 1.8254111E-01 3.4207907E+06 1.2285E+03 1.795E-04 4.264E+02 6.237E-05 1.067E+03
 1.8497368E-01 3.4663765E+06 1.2366E+03 1.784E-04 4.293E+02 6.196E-05 1.074E+03
 1.8742234E-01 3.5122641E+06 1.2448E+03 1.772E-04 4.321E+02 6.156E-05 1.081E+03
 1.8988711E-01 3.5584534E+06 1.2529E+03 1.760E-04 4.349E+02 6.116E-05 1.088E+03
 1.9236797E-01 3.6049445E+06 1.2611E+03 1.749E-04 4.378E+02 6.076E-05 1.095E+03
 1.9486494E-01 3.6517373E+06 1.2693E+03 1.738E-04 4.406E+02 6.037E-05 1.102E+03
 1.9737801E-01 3.6988318E+06 1.2774E+03 1.727E-04 4.434E+02 5.998E-05 1.109E+03
 1.9990718E-01 3.7462280E+06 1.2856E+03 1.716E-04 4.463E+02 5.960E-05 1.116E+03
 2.0000000E-01 3.7479674E+06 1.2859E+03 1.715E-04 4.464E+02 5.959E-05 1.117E+03
