  ====================================================
  TEXSTAN(academic)
  s10.dat, lam, Blasius, Ts(x)                                            
  stepsize: constant, dx=  .100
  entrainment based only on mom + energy eqns;   enfra= 1.00E-06  fra=  .010
  dpdx: not-a-knot spline curve fit
  energy eqn: solved, no source terms
  properties: constant
     po= 1.01325E+05  den= 9.95710E+02  vis= 7.97000E-04  sp_ht= 4.18000E+03
     prc(je)=    5.000
  initial profiles: kstart=  4  dyi= 5.000E-05  rate=  .0900
  laminar flow at xstart, transition not possible
  axx= 0.0000E+00  bxx= 0.0000E+00  cxx= 0.0000E+00  dxx= 0.0000E+00
  exx= 0.0000E+00  fxx= 0.0000E+00  gxx= 0.0000E+00
  Stanton number and htc based on (ts-tinf)
  ====================================================

  intg x         rem       cf2       h12       reh        st
     5 1.043E-03 9.285E+01 2.375E-03 2.590E+00 3.154E+01  8.280E-04
   100 1.278E-03 1.028E+02 2.145E-03 2.590E+00 3.500E+01  7.476E-04
   200 1.716E-03 1.191E+02 1.852E-03 2.590E+00 4.069E+01  6.453E-04
   300 2.218E-03 1.354E+02 1.629E-03 2.590E+00 4.637E+01  5.677E-04
   400 2.785E-03 1.517E+02 1.454E-03 2.590E+00 5.206E+01  5.067E-04
   500 3.415E-03 1.680E+02 1.313E-03 2.590E+00 5.775E+01  4.574E-04
   600 4.111E-03 1.844E+02 1.196E-03 2.590E+00 6.343E+01  4.169E-04
   700 4.871E-03 2.007E+02 1.099E-03 2.590E+00 6.912E+01  3.829E-04
   800 5.695E-03 2.170E+02 1.016E-03 2.590E+00 7.480E+01  3.540E-04
   900 6.583E-03 2.333E+02 9.453E-04 2.590E+00 8.049E+01  3.292E-04
  1000 7.536E-03 2.496E+02 8.835E-04 2.590E+00 8.617E+01  3.077E-04
  1100 8.553E-03 2.660E+02 8.293E-04 2.590E+00 9.185E+01  2.887E-04
  1200 9.635E-03 2.823E+02 7.814E-04 2.590E+00 9.753E+01  2.720E-04
  1300 1.078E-02 2.986E+02 7.387E-04 2.590E+00 1.032E+02  2.571E-04
  1400 1.199E-02 3.149E+02 7.004E-04 2.590E+00 1.089E+02  2.437E-04
  1500 1.327E-02 3.312E+02 6.659E-04 2.590E+00 1.146E+02  2.317E-04
  1600 1.461E-02 3.475E+02 6.346E-04 2.590E+00 1.202E+02  2.208E-04
  1700 1.601E-02 3.638E+02 6.062E-04 2.590E+00 1.259E+02  2.109E-04
  1800 1.748E-02 3.802E+02 5.802E-04 2.590E+00 1.316E+02  2.018E-04
  1900 1.901E-02 3.965E+02 5.563E-04 2.590E+00 1.373E+02  1.935E-04
  2000 2.061E-02 4.128E+02 5.343E-04 2.590E+00 1.429E+02  1.858E-04
  2100 2.227E-02 4.291E+02 5.140E-04 2.590E+00 1.486E+02  1.788E-04
  2200 2.399E-02 4.454E+02 4.952E-04 2.590E+00 1.543E+02  1.722E-04
  2300 2.579E-02 4.617E+02 4.777E-04 2.590E+00 1.600E+02  1.661E-04
  2400 2.764E-02 4.781E+02 4.614E-04 2.590E+00 1.656E+02  1.604E-04
  2500 2.956E-02 4.944E+02 4.461E-04 2.590E+00 1.713E+02  1.551E-04
  2600 3.154E-02 5.107E+02 4.319E-04 2.590E+00 1.770E+02  1.502E-04
  2700 3.359E-02 5.270E+02 4.185E-04 2.590E+00 1.827E+02  1.455E-04
  2800 3.570E-02 5.433E+02 4.059E-04 2.590E+00 1.883E+02  1.411E-04
  2900 3.788E-02 5.596E+02 3.941E-04 2.590E+00 1.940E+02  1.370E-04
  3000 4.012E-02 5.759E+02 3.829E-04 2.590E+00 1.997E+02  1.331E-04
  3100 4.243E-02 5.923E+02 3.724E-04 2.590E+00 2.053E+02  1.294E-04
  3200 4.480E-02 6.086E+02 3.624E-04 2.590E+00 2.110E+02  1.260E-04
  3300 4.723E-02 6.249E+02 3.529E-04 2.590E+00 2.167E+02  1.227E-04
  3400 4.973E-02 6.412E+02 3.440E-04 2.590E+00 2.224E+02  1.196E-04
  3500 5.228E-02 6.575E+02 3.355E-04 2.590E+00 2.280E+02  1.166E-04
  3600 5.491E-02 6.738E+02 3.273E-04 2.590E+00 2.337E+02  1.138E-04
  3700 5.760E-02 6.901E+02 3.196E-04 2.590E+00 2.394E+02  1.111E-04
  3800 6.036E-02 7.064E+02 3.122E-04 2.590E+00 2.450E+02  1.085E-04
  3900 6.318E-02 7.227E+02 3.052E-04 2.590E+00 2.507E+02  1.061E-04
  4000 6.606E-02 7.391E+02 2.984E-04 2.590E+00 2.564E+02  1.037E-04
  4100 6.901E-02 7.554E+02 2.920E-04 2.590E+00 2.620E+02  1.015E-04
  4200 7.203E-02 7.717E+02 2.858E-04 2.590E+00 2.677E+02  9.932E-05
  4300 7.511E-02 7.880E+02 2.799E-04 2.590E+00 2.734E+02  9.727E-05
  4400 7.825E-02 8.043E+02 2.742E-04 2.590E+00 2.790E+02  9.529E-05
  4500 8.146E-02 8.206E+02 2.688E-04 2.590E+00 2.847E+02  9.340E-05
  4600 8.473E-02 8.370E+02 2.635E-04 2.590E+00 2.904E+02  9.157E-05
  4700 8.806E-02 8.533E+02 2.585E-04 2.590E+00 2.961E+02  8.982E-05
  4800 9.146E-02 8.696E+02 2.536E-04 2.590E+00 3.017E+02  8.813E-05
  4900 9.493E-02 8.859E+02 2.490E-04 2.590E+00 3.074E+02  8.651E-05
  5000 9.846E-02 9.022E+02 2.445E-04 2.590E+00 3.131E+02  8.494E-05
  5100 1.021E-01 9.186E+02 2.401E-04 2.590E+00 3.187E+02  8.343E-05
  5200 1.057E-01 9.349E+02 2.359E-04 2.590E+00 3.244E+02  8.197E-05
  5300 1.094E-01 9.512E+02 2.319E-04 2.590E+00 3.301E+02  8.057E-05
  5400 1.132E-01 9.675E+02 2.280E-04 2.590E+00 3.358E+02  7.921E-05
  5500 1.171E-01 9.838E+02 2.242E-04 2.590E+00 3.414E+02  7.789E-05
  5600 1.210E-01 1.000E+03 2.205E-04 2.590E+00 3.471E+02  7.662E-05
  5700 1.250E-01 1.016E+03 2.170E-04 2.590E+00 3.528E+02  7.539E-05
  5800 1.290E-01 1.033E+03 2.136E-04 2.590E+00 3.584E+02  7.420E-05
  5900 1.331E-01 1.049E+03 2.102E-04 2.590E+00 3.641E+02  7.305E-05
  6000 1.373E-01 1.065E+03 2.070E-04 2.590E+00 3.698E+02  7.193E-05
  6100 1.415E-01 1.082E+03 2.039E-04 2.590E+00 3.754E+02  7.084E-05
  6200 1.458E-01 1.098E+03 2.009E-04 2.590E+00 3.811E+02  6.979E-05
  6300 1.502E-01 1.114E+03 1.979E-04 2.590E+00 3.867E+02  6.877E-05
  6400 1.546E-01 1.131E+03 1.951E-04 2.590E+00 3.924E+02  6.778E-05
  6500 1.591E-01 1.147E+03 1.923E-04 2.590E+00 3.981E+02  6.681E-05
  6600 1.637E-01 1.163E+03 1.896E-04 2.590E+00 4.037E+02  6.588E-05
  6700 1.683E-01 1.180E+03 1.870E-04 2.590E+00 4.094E+02  6.496E-05
  6800 1.730E-01 1.196E+03 1.844E-04 2.590E+00 4.151E+02  6.408E-05
  6900 1.777E-01 1.212E+03 1.820E-04 2.590E+00 4.208E+02  6.321E-05
  7000 1.825E-01 1.228E+03 1.795E-04 2.590E+00 4.264E+02  6.237E-05
  7100 1.874E-01 1.245E+03 1.772E-04 2.590E+00 4.321E+02  6.156E-05
  7200 1.924E-01 1.261E+03 1.749E-04 2.590E+00 4.378E+02  6.076E-05
  7300 1.974E-01 1.277E+03 1.727E-04 2.590E+00 4.434E+02  5.998E-05
  7352 2.000E-01 1.286E+03 1.715E-04 2.590E+00 4.464E+02  5.959E-05
