  ====================================================
  TEXSTAN(academic)
  s10.dat, lam, Blasius, Ts(x)                                            
  stepsize: constant, dx=  .100
  entrainment based only on mom + energy eqns;   enfra= 1.00E-06  fra=  .010
  dpdx: not-a-knot spline curve fit
  energy eqn: solved, no source terms
  properties: constant
     po= 1.01325E+05  den= 1.17700E+00  vis= 1.83800E-05  sp_ht= 1.00500E+03
     prc(je)=     .707
  initial profiles: kstart=  4  dyi= 5.000E-05  rate=  .0900
  laminar flow at xstart, transition not possible
  axx= 0.0000E+00  bxx= 0.0000E+00  cxx= 0.0000E+00  dxx= 0.0000E+00
  exx= 0.0000E+00  fxx= 0.0000E+00  gxx= 0.0000E+00
  Stanton number and htc based on (ts-tinf)
  ====================================================

  intg x         rem       cf2       h12       reh        st
     0 1.041E-03 2.100E+01 1.050E-02 2.590E+00 2.588E+01  9.316E-03

    i  y(i)      u(i)      eta       f(eta)    g(eta)    c(eta)       
     1 0.000E+00 0.000E+00 0.000E+00 0.000E+00 0.000E+00  0.000E+00
     2 6.246E-09 9.451E-04 1.897E-04 6.301E-05 5.590E-05  0.000E+00
     3 1.710E-08 2.587E-03 5.194E-04 1.725E-04 1.530E-04  0.000E+00
     4 2.672E-08 4.043E-03 8.117E-04 2.695E-04 2.391E-04  0.000E+00
     5 3.721E-08 5.630E-03 1.130E-03 3.754E-04 3.330E-04  0.000E+00
     6 4.865E-08 7.361E-03 1.478E-03 4.907E-04 4.353E-04  0.000E+00
     7 6.111E-08 9.246E-03 1.856E-03 6.164E-04 5.469E-04  0.000E+00
     8 7.470E-08 1.130E-02 2.269E-03 7.535E-04 6.684E-04  0.000E+00
     9 8.951E-08 1.354E-02 2.719E-03 9.028E-04 8.010E-04  0.000E+00
    10 1.056E-07 1.598E-02 3.209E-03 1.066E-03 9.454E-04  0.000E+00
    11 1.232E-07 1.865E-02 3.744E-03 1.243E-03 1.103E-03  0.000E+00
    12 1.424E-07 2.155E-02 4.326E-03 1.437E-03 1.274E-03  0.000E+00
    13 1.633E-07 2.471E-02 4.961E-03 1.647E-03 1.462E-03  0.000E+00
    14 1.861E-07 2.816E-02 5.653E-03 1.877E-03 1.665E-03  0.000E+00
    15 2.109E-07 3.192E-02 6.408E-03 2.128E-03 1.888E-03  0.000E+00
    16 2.380E-07 3.601E-02 7.230E-03 2.401E-03 2.130E-03  0.000E+00
    17 2.675E-07 4.048E-02 8.126E-03 2.698E-03 2.394E-03  0.000E+00
    18 2.997E-07 4.534E-02 9.103E-03 3.023E-03 2.682E-03  0.000E+00
    19 3.347E-07 5.065E-02 1.017E-02 3.376E-03 2.995E-03  0.000E+00
    20 3.730E-07 5.643E-02 1.133E-02 3.762E-03 3.337E-03  0.000E+00
    21 4.146E-07 6.273E-02 1.259E-02 4.182E-03 3.710E-03  0.000E+00
    22 4.600E-07 6.960E-02 1.397E-02 4.640E-03 4.116E-03  0.000E+00
    23 5.095E-07 7.709E-02 1.548E-02 5.139E-03 4.559E-03  0.000E+00
    24 5.634E-07 8.525E-02 1.712E-02 5.683E-03 5.042E-03  0.000E+00
    25 6.222E-07 9.414E-02 1.890E-02 6.276E-03 5.568E-03  0.000E+00
    26 6.863E-07 1.038E-01 2.085E-02 6.923E-03 6.142E-03  0.000E+00
    27 7.562E-07 1.144E-01 2.297E-02 7.627E-03 6.767E-03  0.000E+00
    28 8.323E-07 1.259E-01 2.528E-02 8.395E-03 7.448E-03  0.000E+00
    29 9.153E-07 1.385E-01 2.780E-02 9.233E-03 8.191E-03  0.000E+00
    30 1.006E-06 1.522E-01 3.055E-02 1.014E-02 9.000E-03  0.000E+00
    31 1.104E-06 1.671E-01 3.355E-02 1.114E-02 9.883E-03  0.000E+00
    32 1.212E-06 1.834E-01 3.681E-02 1.222E-02 1.084E-02  0.000E+00
    33 1.329E-06 2.011E-01 4.037E-02 1.341E-02 1.189E-02  0.000E+00
    34 1.457E-06 2.204E-01 4.425E-02 1.469E-02 1.304E-02  0.000E+00
    35 1.596E-06 2.415E-01 4.848E-02 1.610E-02 1.428E-02  0.000E+00
    36 1.748E-06 2.644E-01 5.309E-02 1.763E-02 1.564E-02  0.000E+00
    37 1.913E-06 2.894E-01 5.811E-02 1.930E-02 1.712E-02  0.000E+00
    38 2.093E-06 3.167E-01 6.359E-02 2.111E-02 1.873E-02  0.000E+00
    39 2.290E-06 3.464E-01 6.955E-02 2.310E-02 2.049E-02  0.000E+00
    40 2.504E-06 3.788E-01 7.606E-02 2.526E-02 2.241E-02  0.000E+00
    41 2.737E-06 4.142E-01 8.315E-02 2.761E-02 2.450E-02  0.000E+00
    42 2.992E-06 4.527E-01 9.088E-02 3.018E-02 2.677E-02  0.000E+00
    43 3.269E-06 4.946E-01 9.930E-02 3.297E-02 2.925E-02  0.000E+00
    44 3.571E-06 5.404E-01 1.085E-01 3.602E-02 3.196E-02  0.000E+00
    45 3.901E-06 5.902E-01 1.185E-01 3.935E-02 3.491E-02  0.000E+00
    46 4.260E-06 6.445E-01 1.294E-01 4.297E-02 3.812E-02  0.000E+00
    47 4.652E-06 7.038E-01 1.413E-01 4.692E-02 4.162E-02  0.000E+00
    48 5.078E-06 7.683E-01 1.543E-01 5.122E-02 4.544E-02  0.000E+00
    49 5.543E-06 8.387E-01 1.684E-01 5.591E-02 4.960E-02  0.000E+00
    50 6.050E-06 9.154E-01 1.838E-01 6.103E-02 5.414E-02  0.000E+00
    51 6.603E-06 9.990E-01 2.006E-01 6.660E-02 5.909E-02  0.000E+00
    52 7.205E-06 1.090E+00 2.189E-01 7.267E-02 6.448E-02  0.000E+00
    53 7.862E-06 1.189E+00 2.388E-01 7.929E-02 7.035E-02  0.000E+00
    54 8.578E-06 1.298E+00 2.606E-01 8.651E-02 7.675E-02  0.000E+00
    55 9.358E-06 1.416E+00 2.843E-01 9.437E-02 8.373E-02  0.000E+00
    56 1.021E-05 1.544E+00 3.101E-01 1.029E-01 9.133E-02  0.000E+00
    57 1.113E-05 1.684E+00 3.382E-01 1.123E-01 9.962E-02  0.000E+00
    58 1.215E-05 1.837E+00 3.689E-01 1.225E-01 1.087E-01  0.000E+00
    59 1.325E-05 2.003E+00 4.024E-01 1.336E-01 1.185E-01  0.000E+00
    60 1.445E-05 2.184E+00 4.388E-01 1.456E-01 1.292E-01  0.000E+00
    61 1.575E-05 2.382E+00 4.786E-01 1.588E-01 1.409E-01  0.000E+00
    62 1.718E-05 2.597E+00 5.219E-01 1.731E-01 1.536E-01  0.000E+00
    63 1.874E-05 2.831E+00 5.691E-01 1.887E-01 1.675E-01  0.000E+00
    64 2.043E-05 3.086E+00 6.206E-01 2.057E-01 1.826E-01  0.000E+00
    65 2.228E-05 3.363E+00 6.767E-01 2.242E-01 1.990E-01  0.000E+00
    66 2.429E-05 3.665E+00 7.378E-01 2.443E-01 2.169E-01  0.000E+00
    67 2.648E-05 3.993E+00 8.045E-01 2.662E-01 2.364E-01  0.000E+00
    68 2.887E-05 4.348E+00 8.771E-01 2.899E-01 2.575E-01  0.000E+00
    69 3.148E-05 4.735E+00 9.563E-01 3.156E-01 2.805E-01  0.000E+00
    70 3.432E-05 5.153E+00 1.043E+00 3.435E-01 3.055E-01  0.000E+00
    71 3.742E-05 5.605E+00 1.137E+00 3.737E-01 3.325E-01  0.000E+00
    72 4.080E-05 6.093E+00 1.239E+00 4.062E-01 3.617E-01  0.000E+00
    73 4.448E-05 6.617E+00 1.351E+00 4.411E-01 3.933E-01  0.000E+00
    74 4.849E-05 7.178E+00 1.473E+00 4.786E-01 4.272E-01  0.000E+00
    75 5.286E-05 7.776E+00 1.606E+00 5.184E-01 4.637E-01  0.000E+00
    76 5.762E-05 8.410E+00 1.750E+00 5.606E-01 5.026E-01  0.000E+00
    77 6.282E-05 9.074E+00 1.908E+00 6.049E-01 5.438E-01  0.000E+00
    78 6.836E-05 9.748E+00 2.076E+00 6.499E-01 5.863E-01  0.000E+00
    79 7.401E-05 1.040E+01 2.248E+00 6.932E-01 6.280E-01  0.000E+00
    80 7.967E-05 1.100E+01 2.420E+00 7.336E-01 6.676E-01  0.000E+00
    81 8.533E-05 1.156E+01 2.592E+00 7.708E-01 7.051E-01  0.000E+00
    82 9.099E-05 1.207E+01 2.764E+00 8.048E-01 7.402E-01  0.000E+00
    83 9.665E-05 1.253E+01 2.936E+00 8.355E-01 7.728E-01  0.000E+00
    84 1.023E-04 1.294E+01 3.108E+00 8.628E-01 8.029E-01  0.000E+00
    85 1.080E-04 1.330E+01 3.280E+00 8.868E-01 8.304E-01  0.000E+00
    86 1.136E-04 1.362E+01 3.452E+00 9.077E-01 8.553E-01  0.000E+00
    87 1.193E-04 1.388E+01 3.624E+00 9.256E-01 8.776E-01  0.000E+00
    88 1.250E-04 1.411E+01 3.796E+00 9.408E-01 8.974E-01  0.000E+00
    89 1.306E-04 1.430E+01 3.968E+00 9.534E-01 9.148E-01  0.000E+00
    90 1.363E-04 1.446E+01 4.140E+00 9.638E-01 9.300E-01  0.000E+00
    91 1.419E-04 1.458E+01 4.311E+00 9.722E-01 9.431E-01  0.000E+00
    92 1.476E-04 1.468E+01 4.483E+00 9.789E-01 9.542E-01  0.000E+00
    93 1.533E-04 1.476E+01 4.655E+00 9.843E-01 9.637E-01  0.000E+00
    94 1.589E-04 1.483E+01 4.827E+00 9.884E-01 9.716E-01  0.000E+00
    95 1.646E-04 1.487E+01 4.999E+00 9.915E-01 9.781E-01  0.000E+00
    96 1.702E-04 1.491E+01 5.171E+00 9.939E-01 9.835E-01  0.000E+00
    97 1.759E-04 1.494E+01 5.343E+00 9.957E-01 9.878E-01  0.000E+00
    98 1.816E-04 1.495E+01 5.515E+00 9.970E-01 9.913E-01  0.000E+00
    99 1.872E-04 1.497E+01 5.687E+00 9.979E-01 9.941E-01  0.000E+00
   100 1.929E-04 1.498E+01 5.859E+00 9.986E-01 9.962E-01  0.000E+00
   101 1.985E-04 1.499E+01 6.031E+00 9.990E-01 9.979E-01  0.000E+00
   102 2.042E-04 1.499E+01 6.203E+00 9.994E-01 9.992E-01  0.000E+00
   103 2.099E-04 1.499E+01 6.375E+00 9.996E-01 1.000E+00  0.000E+00
   104 2.155E-04 1.500E+01 6.547E+00 9.997E-01 1.000E+00  0.000E+00
   105 2.212E-04 1.500E+01 6.719E+00 9.998E-01 1.000E+00  0.000E+00
   106 2.268E-04 1.500E+01 6.890E+00 9.999E-01 1.000E+00  0.000E+00
   107 2.325E-04 1.500E+01 7.062E+00 9.999E-01 1.000E+00  0.000E+00
   108 2.382E-04 1.500E+01 7.234E+00 1.000E+00 1.000E+00  0.000E+00
   109 2.438E-04 1.500E+01 7.406E+00 1.000E+00 1.000E+00  0.000E+00
   110 2.495E-04 1.500E+01 7.578E+00 1.000E+00 1.000E+00  0.000E+00
   111 2.551E-04 1.500E+01 7.750E+00 1.000E+00 1.000E+00  0.000E+00
   112 2.608E-04 1.500E+01 7.922E+00 1.000E+00 1.000E+00  0.000E+00
   113 2.665E-04 1.500E+01 8.094E+00 1.000E+00 1.000E+00  0.000E+00
   114 2.721E-04 1.500E+01 8.266E+00 1.000E+00 1.000E+00  0.000E+00
   115 2.778E-04 1.500E+01 8.438E+00 1.000E+00 1.000E+00  0.000E+00
   116 2.834E-04 1.500E+01 8.610E+00 1.000E+00 1.000E+00  0.000E+00
   117 2.891E-04 1.500E+01 8.782E+00 1.000E+00 1.000E+00  0.000E+00
   118 2.948E-04 1.500E+01 8.954E+00 1.000E+00 1.000E+00  0.000E+00
   119 3.004E-04 1.500E+01 9.126E+00 1.000E+00 1.000E+00  0.000E+00
   120 3.061E-04 1.500E+01 9.298E+00 1.000E+00 1.000E+00  0.000E+00
   121 3.117E-04 1.500E+01 9.469E+00 1.000E+00 1.000E+00  0.000E+00
   122 3.174E-04 1.500E+01 9.641E+00 1.000E+00 1.000E+00  0.000E+00
   123 3.231E-04 1.500E+01 9.813E+00 1.000E+00 1.000E+00  0.000E+00
   124 3.287E-04 1.500E+01 9.985E+00 1.000E+00 1.000E+00  0.000E+00
   125 3.344E-04 1.500E+01 1.016E+01 1.000E+00 1.000E+00  0.000E+00
   126 3.400E-04 1.500E+01 1.033E+01 1.000E+00 1.000E+00  0.000E+00
   127 3.471E-04 1.500E+01 1.054E+01 1.000E+00 1.000E+00  0.000E+00
   128 3.514E-04 1.500E+01 1.067E+01 1.000E+00 1.000E+00  0.000E+00

  intg x         rem       cf2       h12       reh        st
   802 5.000E-02 1.456E+02 1.515E-03 2.590E+00 1.820E+02  1.896E-03

    i  y(i)      u(i)      eta       f(eta)    g(eta)    c(eta)       
     1 0.000E+00 0.000E+00 0.000E+00 0.000E+00 0.000E+00  0.000E+00
     2 4.108E-08 8.964E-04 1.800E-04 5.976E-05 5.289E-05  0.000E+00
     3 1.124E-07 2.454E-03 4.928E-04 1.636E-04 1.448E-04  0.000E+00
     4 1.757E-07 3.835E-03 7.702E-04 2.557E-04 2.263E-04  0.000E+00
     5 2.447E-07 5.340E-03 1.073E-03 3.560E-04 3.151E-04  0.000E+00
     6 3.199E-07 6.981E-03 1.402E-03 4.654E-04 4.119E-04  0.000E+00
     7 4.019E-07 8.770E-03 1.761E-03 5.847E-04 5.174E-04  0.000E+00
     8 4.912E-07 1.072E-02 2.153E-03 7.146E-04 6.325E-04  0.000E+00
     9 5.886E-07 1.284E-02 2.580E-03 8.563E-04 7.579E-04  0.000E+00
    10 6.948E-07 1.516E-02 3.045E-03 1.011E-03 8.945E-04  0.000E+00
    11 8.105E-07 1.769E-02 3.552E-03 1.179E-03 1.043E-03  0.000E+00
    12 9.366E-07 2.044E-02 4.105E-03 1.363E-03 1.206E-03  0.000E+00
    13 1.074E-06 2.344E-02 4.708E-03 1.563E-03 1.383E-03  0.000E+00
    14 1.224E-06 2.671E-02 5.364E-03 1.780E-03 1.576E-03  0.000E+00
    15 1.387E-06 3.027E-02 6.080E-03 2.018E-03 1.786E-03  0.000E+00
    16 1.565E-06 3.416E-02 6.860E-03 2.277E-03 2.015E-03  0.000E+00
    17 1.759E-06 3.839E-02 7.711E-03 2.559E-03 2.265E-03  0.000E+00
    18 1.971E-06 4.301E-02 8.638E-03 2.867E-03 2.537E-03  0.000E+00
    19 2.201E-06 4.804E-02 9.648E-03 3.202E-03 2.834E-03  0.000E+00
    20 2.453E-06 5.352E-02 1.075E-02 3.568E-03 3.158E-03  0.000E+00
    21 2.726E-06 5.950E-02 1.195E-02 3.967E-03 3.510E-03  0.000E+00
    22 3.025E-06 6.601E-02 1.326E-02 4.401E-03 3.895E-03  0.000E+00
    23 3.350E-06 7.311E-02 1.469E-02 4.874E-03 4.314E-03  0.000E+00
    24 3.705E-06 8.085E-02 1.624E-02 5.390E-03 4.771E-03  0.000E+00
    25 4.092E-06 8.929E-02 1.793E-02 5.953E-03 5.268E-03  0.000E+00
    26 4.513E-06 9.849E-02 1.978E-02 6.566E-03 5.811E-03  0.000E+00
    27 4.973E-06 1.085E-01 2.180E-02 7.234E-03 6.403E-03  0.000E+00
    28 5.473E-06 1.194E-01 2.399E-02 7.963E-03 7.047E-03  0.000E+00
    29 6.019E-06 1.313E-01 2.638E-02 8.757E-03 7.750E-03  0.000E+00
    30 6.614E-06 1.443E-01 2.899E-02 9.622E-03 8.516E-03  0.000E+00
    31 7.262E-06 1.585E-01 3.183E-02 1.057E-02 9.351E-03  0.000E+00
    32 7.969E-06 1.739E-01 3.493E-02 1.159E-02 1.026E-02  0.000E+00
    33 8.740E-06 1.907E-01 3.831E-02 1.271E-02 1.125E-02  0.000E+00
    34 9.579E-06 2.090E-01 4.199E-02 1.394E-02 1.233E-02  0.000E+00
    35 1.049E-05 2.290E-01 4.600E-02 1.527E-02 1.351E-02  0.000E+00
    36 1.149E-05 2.508E-01 5.037E-02 1.672E-02 1.480E-02  0.000E+00
    37 1.258E-05 2.745E-01 5.514E-02 1.830E-02 1.620E-02  0.000E+00
    38 1.377E-05 3.004E-01 6.033E-02 2.003E-02 1.772E-02  0.000E+00
    39 1.506E-05 3.286E-01 6.600E-02 2.191E-02 1.939E-02  0.000E+00
    40 1.647E-05 3.593E-01 7.217E-02 2.395E-02 2.120E-02  0.000E+00
    41 1.800E-05 3.928E-01 7.890E-02 2.619E-02 2.318E-02  0.000E+00
    42 1.967E-05 4.293E-01 8.623E-02 2.862E-02 2.533E-02  0.000E+00
    43 2.150E-05 4.691E-01 9.423E-02 3.127E-02 2.768E-02  0.000E+00
    44 2.349E-05 5.125E-01 1.029E-01 3.417E-02 3.024E-02  0.000E+00
    45 2.565E-05 5.598E-01 1.124E-01 3.732E-02 3.303E-02  0.000E+00
    46 2.801E-05 6.113E-01 1.228E-01 4.076E-02 3.607E-02  0.000E+00
    47 3.059E-05 6.675E-01 1.341E-01 4.450E-02 3.938E-02  0.000E+00
    48 3.340E-05 7.287E-01 1.464E-01 4.858E-02 4.300E-02  0.000E+00
    49 3.645E-05 7.955E-01 1.598E-01 5.303E-02 4.694E-02  0.000E+00
    50 3.979E-05 8.682E-01 1.744E-01 5.788E-02 5.123E-02  0.000E+00
    51 4.342E-05 9.475E-01 1.903E-01 6.317E-02 5.591E-02  0.000E+00
    52 4.738E-05 1.034E+00 2.077E-01 6.893E-02 6.101E-02  0.000E+00
    53 5.170E-05 1.128E+00 2.266E-01 7.521E-02 6.656E-02  0.000E+00
    54 5.641E-05 1.231E+00 2.472E-01 8.205E-02 7.262E-02  0.000E+00
    55 6.154E-05 1.343E+00 2.697E-01 8.951E-02 7.922E-02  0.000E+00
    56 6.713E-05 1.465E+00 2.942E-01 9.764E-02 8.642E-02  0.000E+00
    57 7.322E-05 1.598E+00 3.209E-01 1.065E-01 9.426E-02  0.000E+00
    58 7.987E-05 1.742E+00 3.501E-01 1.162E-01 1.028E-01  0.000E+00
    59 8.711E-05 1.900E+00 3.818E-01 1.267E-01 1.121E-01  0.000E+00
    60 9.500E-05 2.072E+00 4.164E-01 1.381E-01 1.223E-01  0.000E+00
    61 1.036E-04 2.259E+00 4.541E-01 1.506E-01 1.333E-01  0.000E+00
    62 1.130E-04 2.463E+00 4.952E-01 1.642E-01 1.454E-01  0.000E+00
    63 1.232E-04 2.686E+00 5.400E-01 1.790E-01 1.585E-01  0.000E+00
    64 1.343E-04 2.927E+00 5.888E-01 1.952E-01 1.728E-01  0.000E+00
    65 1.465E-04 3.191E+00 6.420E-01 2.127E-01 1.884E-01  0.000E+00
    66 1.597E-04 3.477E+00 7.000E-01 2.318E-01 2.053E-01  0.000E+00
    67 1.741E-04 3.788E+00 7.632E-01 2.526E-01 2.237E-01  0.000E+00
    68 1.899E-04 4.127E+00 8.321E-01 2.751E-01 2.438E-01  0.000E+00
    69 2.070E-04 4.494E+00 9.072E-01 2.996E-01 2.655E-01  0.000E+00
    70 2.257E-04 4.892E+00 9.891E-01 3.261E-01 2.892E-01  0.000E+00
    71 2.460E-04 5.322E+00 1.078E+00 3.548E-01 3.148E-01  0.000E+00
    72 2.682E-04 5.787E+00 1.175E+00 3.858E-01 3.426E-01  0.000E+00
    73 2.923E-04 6.288E+00 1.281E+00 4.192E-01 3.726E-01  0.000E+00
    74 3.186E-04 6.826E+00 1.397E+00 4.550E-01 4.049E-01  0.000E+00
    75 3.473E-04 7.400E+00 1.522E+00 4.933E-01 4.396E-01  0.000E+00
    76 3.785E-04 8.010E+00 1.659E+00 5.340E-01 4.768E-01  0.000E+00
    77 4.125E-04 8.653E+00 1.808E+00 5.768E-01 5.163E-01  0.000E+00
    78 4.487E-04 9.309E+00 1.967E+00 6.206E-01 5.572E-01  0.000E+00
    79 4.856E-04 9.947E+00 2.129E+00 6.631E-01 5.975E-01  0.000E+00
    80 5.225E-04 1.055E+01 2.290E+00 7.031E-01 6.360E-01  0.000E+00
    81 5.593E-04 1.111E+01 2.451E+00 7.404E-01 6.727E-01  0.000E+00
    82 5.960E-04 1.162E+01 2.612E+00 7.748E-01 7.073E-01  0.000E+00
    83 6.326E-04 1.209E+01 2.773E+00 8.063E-01 7.398E-01  0.000E+00
    84 6.692E-04 1.252E+01 2.933E+00 8.348E-01 7.701E-01  0.000E+00
    85 7.056E-04 1.290E+01 3.093E+00 8.603E-01 7.981E-01  0.000E+00
    86 7.419E-04 1.324E+01 3.252E+00 8.830E-01 8.238E-01  0.000E+00
    87 7.782E-04 1.354E+01 3.411E+00 9.029E-01 8.471E-01  0.000E+00
    88 8.143E-04 1.380E+01 3.569E+00 9.201E-01 8.683E-01  0.000E+00
    89 8.504E-04 1.402E+01 3.727E+00 9.349E-01 8.872E-01  0.000E+00
    90 8.863E-04 1.421E+01 3.885E+00 9.475E-01 9.041E-01  0.000E+00
    91 9.222E-04 1.437E+01 4.042E+00 9.580E-01 9.190E-01  0.000E+00
    92 9.580E-04 1.450E+01 4.199E+00 9.668E-01 9.320E-01  0.000E+00
    93 9.937E-04 1.461E+01 4.355E+00 9.740E-01 9.433E-01  0.000E+00
    94 1.029E-03 1.470E+01 4.512E+00 9.798E-01 9.531E-01  0.000E+00
    95 1.065E-03 1.477E+01 4.668E+00 9.845E-01 9.615E-01  0.000E+00
    96 1.100E-03 1.482E+01 4.823E+00 9.882E-01 9.686E-01  0.000E+00
    97 1.136E-03 1.487E+01 4.979E+00 9.912E-01 9.745E-01  0.000E+00
    98 1.171E-03 1.490E+01 5.134E+00 9.934E-01 9.795E-01  0.000E+00
    99 1.207E-03 1.493E+01 5.289E+00 9.952E-01 9.836E-01  0.000E+00
   100 1.242E-03 1.495E+01 5.445E+00 9.965E-01 9.870E-01  0.000E+00
   101 1.278E-03 1.496E+01 5.600E+00 9.975E-01 9.898E-01  0.000E+00
   102 1.313E-03 1.497E+01 5.755E+00 9.982E-01 9.920E-01  0.000E+00
   103 1.348E-03 1.498E+01 5.909E+00 9.987E-01 9.938E-01  0.000E+00
   104 1.384E-03 1.499E+01 6.064E+00 9.991E-01 9.953E-01  0.000E+00
   105 1.419E-03 1.499E+01 6.219E+00 9.994E-01 9.964E-01  0.000E+00
   106 1.454E-03 1.499E+01 6.374E+00 9.996E-01 9.973E-01  0.000E+00
   107 1.490E-03 1.500E+01 6.529E+00 9.997E-01 9.979E-01  0.000E+00
   108 1.525E-03 1.500E+01 6.683E+00 9.998E-01 9.985E-01  0.000E+00
   109 1.560E-03 1.500E+01 6.838E+00 9.999E-01 9.989E-01  0.000E+00
   110 1.595E-03 1.500E+01 6.993E+00 9.999E-01 9.992E-01  0.000E+00
   111 1.631E-03 1.500E+01 7.148E+00 9.999E-01 9.994E-01  0.000E+00
   112 1.666E-03 1.500E+01 7.302E+00 1.000E+00 9.996E-01  0.000E+00
   113 1.701E-03 1.500E+01 7.457E+00 1.000E+00 9.997E-01  0.000E+00
   114 1.737E-03 1.500E+01 7.612E+00 1.000E+00 9.998E-01  0.000E+00
   115 1.772E-03 1.500E+01 7.767E+00 1.000E+00 9.998E-01  0.000E+00
   116 1.807E-03 1.500E+01 7.921E+00 1.000E+00 9.999E-01  0.000E+00
   117 1.843E-03 1.500E+01 8.076E+00 1.000E+00 9.999E-01  0.000E+00
   118 1.878E-03 1.500E+01 8.231E+00 1.000E+00 9.999E-01  0.000E+00
   119 1.913E-03 1.500E+01 8.386E+00 1.000E+00 1.000E+00  0.000E+00
   120 1.948E-03 1.500E+01 8.540E+00 1.000E+00 1.000E+00  0.000E+00
   121 1.984E-03 1.500E+01 8.695E+00 1.000E+00 1.000E+00  0.000E+00
   122 2.019E-03 1.500E+01 8.850E+00 1.000E+00 1.000E+00  0.000E+00
   123 2.054E-03 1.500E+01 9.004E+00 1.000E+00 1.000E+00  0.000E+00
   124 2.090E-03 1.500E+01 9.159E+00 1.000E+00 1.000E+00  0.000E+00
   125 2.125E-03 1.500E+01 9.314E+00 1.000E+00 1.000E+00  0.000E+00
   126 2.160E-03 1.500E+01 9.469E+00 1.000E+00 1.000E+00  0.000E+00
   127 2.204E-03 1.500E+01 9.662E+00 1.000E+00 1.000E+00  0.000E+00
   128 2.231E-03 1.500E+01 9.778E+00 1.000E+00 1.000E+00  0.000E+00

  intg x         rem       cf2       h12       reh        st
  1172 1.000E-01 2.059E+02 1.071E-03 2.590E+00 2.575E+02  1.340E-03

    i  y(i)      u(i)      eta       f(eta)    g(eta)    c(eta)       
     1 0.000E+00 0.000E+00 0.000E+00 0.000E+00 0.000E+00  0.000E+00
     2 5.809E-08 8.965E-04 1.800E-04 5.977E-05 5.288E-05  0.000E+00
     3 1.590E-07 2.454E-03 4.928E-04 1.636E-04 1.448E-04  0.000E+00
     4 2.485E-07 3.835E-03 7.703E-04 2.557E-04 2.262E-04  0.000E+00
     5 3.461E-07 5.341E-03 1.073E-03 3.561E-04 3.151E-04  0.000E+00
     6 4.524E-07 6.982E-03 1.402E-03 4.655E-04 4.119E-04  0.000E+00
     7 5.684E-07 8.771E-03 1.762E-03 5.848E-04 5.174E-04  0.000E+00
     8 6.947E-07 1.072E-02 2.153E-03 7.148E-04 6.324E-04  0.000E+00
     9 8.325E-07 1.285E-02 2.580E-03 8.565E-04 7.578E-04  0.000E+00
    10 9.826E-07 1.516E-02 3.045E-03 1.011E-03 8.945E-04  0.000E+00
    11 1.146E-06 1.769E-02 3.552E-03 1.179E-03 1.043E-03  0.000E+00
    12 1.325E-06 2.044E-02 4.105E-03 1.363E-03 1.206E-03  0.000E+00
    13 1.519E-06 2.344E-02 4.708E-03 1.563E-03 1.383E-03  0.000E+00
    14 1.731E-06 2.671E-02 5.365E-03 1.781E-03 1.576E-03  0.000E+00
    15 1.962E-06 3.028E-02 6.080E-03 2.018E-03 1.786E-03  0.000E+00
    16 2.214E-06 3.416E-02 6.861E-03 2.277E-03 2.015E-03  0.000E+00
    17 2.488E-06 3.840E-02 7.711E-03 2.560E-03 2.265E-03  0.000E+00
    18 2.787E-06 4.301E-02 8.638E-03 2.868E-03 2.537E-03  0.000E+00
    19 3.113E-06 4.804E-02 9.649E-03 3.203E-03 2.834E-03  0.000E+00
    20 3.469E-06 5.353E-02 1.075E-02 3.569E-03 3.158E-03  0.000E+00
    21 3.856E-06 5.951E-02 1.195E-02 3.967E-03 3.510E-03  0.000E+00
    22 4.278E-06 6.602E-02 1.326E-02 4.402E-03 3.895E-03  0.000E+00
    23 4.739E-06 7.313E-02 1.469E-02 4.875E-03 4.314E-03  0.000E+00
    24 5.240E-06 8.087E-02 1.624E-02 5.391E-03 4.770E-03  0.000E+00
    25 5.787E-06 8.931E-02 1.794E-02 5.954E-03 5.268E-03  0.000E+00
    26 6.383E-06 9.851E-02 1.978E-02 6.567E-03 5.811E-03  0.000E+00
    27 7.033E-06 1.085E-01 2.180E-02 7.235E-03 6.402E-03  0.000E+00
    28 7.741E-06 1.195E-01 2.399E-02 7.964E-03 7.047E-03  0.000E+00
    29 8.513E-06 1.314E-01 2.638E-02 8.758E-03 7.750E-03  0.000E+00
    30 9.354E-06 1.444E-01 2.899E-02 9.624E-03 8.515E-03  0.000E+00
    31 1.027E-05 1.585E-01 3.183E-02 1.057E-02 9.350E-03  0.000E+00
    32 1.127E-05 1.739E-01 3.493E-02 1.160E-02 1.026E-02  0.000E+00
    33 1.236E-05 1.907E-01 3.831E-02 1.272E-02 1.125E-02  0.000E+00
    34 1.355E-05 2.091E-01 4.199E-02 1.394E-02 1.233E-02  0.000E+00
    35 1.484E-05 2.291E-01 4.600E-02 1.527E-02 1.351E-02  0.000E+00
    36 1.625E-05 2.508E-01 5.037E-02 1.672E-02 1.480E-02  0.000E+00
    37 1.779E-05 2.746E-01 5.514E-02 1.830E-02 1.620E-02  0.000E+00
    38 1.947E-05 3.004E-01 6.034E-02 2.003E-02 1.772E-02  0.000E+00
    39 2.130E-05 3.286E-01 6.600E-02 2.191E-02 1.939E-02  0.000E+00
    40 2.329E-05 3.594E-01 7.217E-02 2.396E-02 2.120E-02  0.000E+00
    41 2.546E-05 3.929E-01 7.890E-02 2.619E-02 2.318E-02  0.000E+00
    42 2.782E-05 4.294E-01 8.624E-02 2.863E-02 2.533E-02  0.000E+00
    43 3.040E-05 4.692E-01 9.423E-02 3.128E-02 2.768E-02  0.000E+00
    44 3.322E-05 5.126E-01 1.029E-01 3.417E-02 3.024E-02  0.000E+00
    45 3.628E-05 5.599E-01 1.124E-01 3.733E-02 3.303E-02  0.000E+00
    46 3.962E-05 6.114E-01 1.228E-01 4.076E-02 3.607E-02  0.000E+00
    47 4.326E-05 6.676E-01 1.341E-01 4.451E-02 3.938E-02  0.000E+00
    48 4.723E-05 7.289E-01 1.464E-01 4.859E-02 4.300E-02  0.000E+00
    49 5.156E-05 7.956E-01 1.598E-01 5.304E-02 4.693E-02  0.000E+00
    50 5.627E-05 8.684E-01 1.744E-01 5.789E-02 5.122E-02  0.000E+00
    51 6.141E-05 9.477E-01 1.903E-01 6.318E-02 5.590E-02  0.000E+00
    52 6.701E-05 1.034E+00 2.077E-01 6.894E-02 6.100E-02  0.000E+00
    53 7.312E-05 1.128E+00 2.266E-01 7.522E-02 6.656E-02  0.000E+00
    54 7.978E-05 1.231E+00 2.472E-01 8.207E-02 7.262E-02  0.000E+00
    55 8.703E-05 1.343E+00 2.697E-01 8.953E-02 7.922E-02  0.000E+00
    56 9.494E-05 1.465E+00 2.942E-01 9.766E-02 8.642E-02  0.000E+00
    57 1.036E-04 1.598E+00 3.210E-01 1.065E-01 9.426E-02  0.000E+00
    58 1.130E-04 1.743E+00 3.501E-01 1.162E-01 1.028E-01  0.000E+00
    59 1.232E-04 1.900E+00 3.818E-01 1.267E-01 1.121E-01  0.000E+00
    60 1.344E-04 2.072E+00 4.164E-01 1.382E-01 1.223E-01  0.000E+00
    61 1.465E-04 2.260E+00 4.541E-01 1.506E-01 1.333E-01  0.000E+00
    62 1.598E-04 2.464E+00 4.952E-01 1.643E-01 1.454E-01  0.000E+00
    63 1.742E-04 2.686E+00 5.400E-01 1.791E-01 1.585E-01  0.000E+00
    64 1.900E-04 2.928E+00 5.888E-01 1.952E-01 1.728E-01  0.000E+00
    65 2.072E-04 3.191E+00 6.421E-01 2.127E-01 1.883E-01  0.000E+00
    66 2.259E-04 3.478E+00 7.001E-01 2.318E-01 2.053E-01  0.000E+00
    67 2.463E-04 3.789E+00 7.633E-01 2.526E-01 2.237E-01  0.000E+00
    68 2.685E-04 4.127E+00 8.322E-01 2.752E-01 2.437E-01  0.000E+00
    69 2.927E-04 4.494E+00 9.073E-01 2.996E-01 2.655E-01  0.000E+00
    70 3.191E-04 4.892E+00 9.891E-01 3.262E-01 2.892E-01  0.000E+00
    71 3.479E-04 5.323E+00 1.078E+00 3.549E-01 3.148E-01  0.000E+00
    72 3.793E-04 5.788E+00 1.175E+00 3.859E-01 3.426E-01  0.000E+00
    73 4.134E-04 6.289E+00 1.281E+00 4.193E-01 3.725E-01  0.000E+00
    74 4.507E-04 6.827E+00 1.397E+00 4.551E-01 4.049E-01  0.000E+00
    75 4.912E-04 7.401E+00 1.522E+00 4.934E-01 4.396E-01  0.000E+00
    76 5.353E-04 8.011E+00 1.659E+00 5.341E-01 4.768E-01  0.000E+00
    77 5.834E-04 8.654E+00 1.808E+00 5.769E-01 5.163E-01  0.000E+00
    78 6.346E-04 9.311E+00 1.967E+00 6.207E-01 5.572E-01  0.000E+00
    79 6.868E-04 9.948E+00 2.129E+00 6.632E-01 5.975E-01  0.000E+00
    80 7.390E-04 1.055E+01 2.290E+00 7.032E-01 6.360E-01  0.000E+00
    81 7.910E-04 1.111E+01 2.452E+00 7.405E-01 6.727E-01  0.000E+00
    82 8.429E-04 1.162E+01 2.612E+00 7.749E-01 7.073E-01  0.000E+00
    83 8.947E-04 1.210E+01 2.773E+00 8.064E-01 7.398E-01  0.000E+00
    84 9.464E-04 1.252E+01 2.933E+00 8.349E-01 7.701E-01  0.000E+00
    85 9.979E-04 1.291E+01 3.093E+00 8.604E-01 7.981E-01  0.000E+00
    86 1.049E-03 1.325E+01 3.252E+00 8.831E-01 8.237E-01  0.000E+00
    87 1.101E-03 1.354E+01 3.411E+00 9.029E-01 8.471E-01  0.000E+00
    88 1.152E-03 1.380E+01 3.570E+00 9.202E-01 8.683E-01  0.000E+00
    89 1.203E-03 1.402E+01 3.728E+00 9.350E-01 8.872E-01  0.000E+00
    90 1.254E-03 1.421E+01 3.885E+00 9.475E-01 9.041E-01  0.000E+00
    91 1.304E-03 1.437E+01 4.042E+00 9.581E-01 9.190E-01  0.000E+00
    92 1.355E-03 1.450E+01 4.199E+00 9.668E-01 9.320E-01  0.000E+00
    93 1.405E-03 1.461E+01 4.356E+00 9.740E-01 9.433E-01  0.000E+00
    94 1.456E-03 1.470E+01 4.512E+00 9.799E-01 9.531E-01  0.000E+00
    95 1.506E-03 1.477E+01 4.668E+00 9.845E-01 9.615E-01  0.000E+00
    96 1.556E-03 1.482E+01 4.824E+00 9.883E-01 9.686E-01  0.000E+00
    97 1.607E-03 1.487E+01 4.979E+00 9.912E-01 9.745E-01  0.000E+00
    98 1.657E-03 1.490E+01 5.135E+00 9.934E-01 9.795E-01  0.000E+00
    99 1.707E-03 1.493E+01 5.290E+00 9.952E-01 9.836E-01  0.000E+00
   100 1.757E-03 1.495E+01 5.445E+00 9.965E-01 9.870E-01  0.000E+00
   101 1.807E-03 1.496E+01 5.600E+00 9.975E-01 9.898E-01  0.000E+00
   102 1.857E-03 1.497E+01 5.755E+00 9.982E-01 9.920E-01  0.000E+00
   103 1.907E-03 1.498E+01 5.910E+00 9.987E-01 9.938E-01  0.000E+00
   104 1.957E-03 1.499E+01 6.065E+00 9.991E-01 9.953E-01  0.000E+00
   105 2.007E-03 1.499E+01 6.220E+00 9.994E-01 9.964E-01  0.000E+00
   106 2.057E-03 1.499E+01 6.375E+00 9.996E-01 9.973E-01  0.000E+00
   107 2.107E-03 1.500E+01 6.529E+00 9.997E-01 9.979E-01  0.000E+00
   108 2.157E-03 1.500E+01 6.684E+00 9.998E-01 9.985E-01  0.000E+00
   109 2.207E-03 1.500E+01 6.839E+00 9.999E-01 9.989E-01  0.000E+00
   110 2.257E-03 1.500E+01 6.994E+00 9.999E-01 9.992E-01  0.000E+00
   111 2.307E-03 1.500E+01 7.149E+00 9.999E-01 9.994E-01  0.000E+00
   112 2.356E-03 1.500E+01 7.303E+00 1.000E+00 9.996E-01  0.000E+00
   113 2.406E-03 1.500E+01 7.458E+00 1.000E+00 9.997E-01  0.000E+00
   114 2.456E-03 1.500E+01 7.613E+00 1.000E+00 9.998E-01  0.000E+00
   115 2.506E-03 1.500E+01 7.768E+00 1.000E+00 9.998E-01  0.000E+00
   116 2.556E-03 1.500E+01 7.922E+00 1.000E+00 9.999E-01  0.000E+00
   117 2.606E-03 1.500E+01 8.077E+00 1.000E+00 9.999E-01  0.000E+00
   118 2.656E-03 1.500E+01 8.232E+00 1.000E+00 9.999E-01  0.000E+00
   119 2.706E-03 1.500E+01 8.387E+00 1.000E+00 1.000E+00  0.000E+00
   120 2.756E-03 1.500E+01 8.542E+00 1.000E+00 1.000E+00  0.000E+00
   121 2.806E-03 1.500E+01 8.696E+00 1.000E+00 1.000E+00  0.000E+00
   122 2.856E-03 1.500E+01 8.851E+00 1.000E+00 1.000E+00  0.000E+00
   123 2.906E-03 1.500E+01 9.006E+00 1.000E+00 1.000E+00  0.000E+00
   124 2.956E-03 1.500E+01 9.161E+00 1.000E+00 1.000E+00  0.000E+00
   125 3.006E-03 1.500E+01 9.315E+00 1.000E+00 1.000E+00  0.000E+00
   126 3.056E-03 1.500E+01 9.470E+00 1.000E+00 1.000E+00  0.000E+00
   127 3.118E-03 1.500E+01 9.664E+00 1.000E+00 1.000E+00  0.000E+00
   128 3.155E-03 1.500E+01 9.780E+00 1.000E+00 1.000E+00  0.000E+00

  intg x         rem       cf2       h12       reh        st
  1456 1.500E-01 2.522E+02 8.746E-04 2.590E+00 3.154E+02  1.094E-03

    i  y(i)      u(i)      eta       f(eta)    g(eta)    c(eta)       
     1 0.000E+00 0.000E+00 0.000E+00 0.000E+00 0.000E+00  0.000E+00
     2 7.115E-08 8.966E-04 1.800E-04 5.977E-05 5.288E-05  0.000E+00
     3 1.948E-07 2.454E-03 4.928E-04 1.636E-04 1.448E-04  0.000E+00
     4 3.044E-07 3.836E-03 7.703E-04 2.557E-04 2.262E-04  0.000E+00
     5 4.239E-07 5.341E-03 1.073E-03 3.561E-04 3.151E-04  0.000E+00
     6 5.541E-07 6.983E-03 1.402E-03 4.655E-04 4.119E-04  0.000E+00
     7 6.961E-07 8.772E-03 1.762E-03 5.848E-04 5.174E-04  0.000E+00
     8 8.509E-07 1.072E-02 2.153E-03 7.148E-04 6.324E-04  0.000E+00
     9 1.020E-06 1.285E-02 2.580E-03 8.565E-04 7.578E-04  0.000E+00
    10 1.203E-06 1.516E-02 3.045E-03 1.011E-03 8.945E-04  0.000E+00
    11 1.404E-06 1.769E-02 3.552E-03 1.179E-03 1.043E-03  0.000E+00
    12 1.622E-06 2.044E-02 4.105E-03 1.363E-03 1.206E-03  0.000E+00
    13 1.860E-06 2.344E-02 4.708E-03 1.563E-03 1.383E-03  0.000E+00
    14 2.120E-06 2.671E-02 5.364E-03 1.781E-03 1.576E-03  0.000E+00
    15 2.403E-06 3.028E-02 6.080E-03 2.019E-03 1.786E-03  0.000E+00
    16 2.711E-06 3.416E-02 6.861E-03 2.278E-03 2.015E-03  0.000E+00
    17 3.047E-06 3.840E-02 7.711E-03 2.560E-03 2.265E-03  0.000E+00
    18 3.414E-06 4.302E-02 8.638E-03 2.868E-03 2.537E-03  0.000E+00
    19 3.813E-06 4.805E-02 9.649E-03 3.203E-03 2.834E-03  0.000E+00
    20 4.248E-06 5.353E-02 1.075E-02 3.569E-03 3.158E-03  0.000E+00
    21 4.723E-06 5.951E-02 1.195E-02 3.967E-03 3.510E-03  0.000E+00
    22 5.240E-06 6.603E-02 1.326E-02 4.402E-03 3.895E-03  0.000E+00
    23 5.803E-06 7.313E-02 1.469E-02 4.875E-03 4.314E-03  0.000E+00
    24 6.418E-06 8.087E-02 1.624E-02 5.392E-03 4.770E-03  0.000E+00
    25 7.088E-06 8.931E-02 1.794E-02 5.954E-03 5.268E-03  0.000E+00
    26 7.818E-06 9.851E-02 1.978E-02 6.567E-03 5.811E-03  0.000E+00
    27 8.613E-06 1.085E-01 2.180E-02 7.236E-03 6.402E-03  0.000E+00
    28 9.480E-06 1.195E-01 2.399E-02 7.964E-03 7.047E-03  0.000E+00
    29 1.043E-05 1.314E-01 2.638E-02 8.759E-03 7.749E-03  0.000E+00
    30 1.146E-05 1.444E-01 2.899E-02 9.624E-03 8.515E-03  0.000E+00
    31 1.258E-05 1.585E-01 3.183E-02 1.057E-02 9.350E-03  0.000E+00
    32 1.380E-05 1.739E-01 3.493E-02 1.160E-02 1.026E-02  0.000E+00
    33 1.514E-05 1.908E-01 3.831E-02 1.272E-02 1.125E-02  0.000E+00
    34 1.659E-05 2.091E-01 4.199E-02 1.394E-02 1.233E-02  0.000E+00
    35 1.818E-05 2.291E-01 4.600E-02 1.527E-02 1.351E-02  0.000E+00
    36 1.991E-05 2.508E-01 5.037E-02 1.672E-02 1.480E-02  0.000E+00
    37 2.179E-05 2.746E-01 5.514E-02 1.831E-02 1.620E-02  0.000E+00
    38 2.384E-05 3.005E-01 6.034E-02 2.003E-02 1.772E-02  0.000E+00
    39 2.608E-05 3.287E-01 6.600E-02 2.191E-02 1.939E-02  0.000E+00
    40 2.852E-05 3.594E-01 7.217E-02 2.396E-02 2.120E-02  0.000E+00
    41 3.118E-05 3.929E-01 7.890E-02 2.619E-02 2.317E-02  0.000E+00
    42 3.408E-05 4.294E-01 8.624E-02 2.863E-02 2.533E-02  0.000E+00
    43 3.724E-05 4.692E-01 9.423E-02 3.128E-02 2.768E-02  0.000E+00
    44 4.068E-05 5.126E-01 1.029E-01 3.417E-02 3.024E-02  0.000E+00
    45 4.443E-05 5.599E-01 1.124E-01 3.733E-02 3.303E-02  0.000E+00
    46 4.852E-05 6.115E-01 1.228E-01 4.076E-02 3.607E-02  0.000E+00
    47 5.298E-05 6.677E-01 1.341E-01 4.451E-02 3.938E-02  0.000E+00
    48 5.784E-05 7.289E-01 1.464E-01 4.859E-02 4.299E-02  0.000E+00
    49 6.314E-05 7.957E-01 1.598E-01 5.304E-02 4.693E-02  0.000E+00
    50 6.892E-05 8.684E-01 1.744E-01 5.789E-02 5.122E-02  0.000E+00
    51 7.521E-05 9.477E-01 1.903E-01 6.318E-02 5.590E-02  0.000E+00
    52 8.207E-05 1.034E+00 2.077E-01 6.894E-02 6.100E-02  0.000E+00
    53 8.955E-05 1.128E+00 2.266E-01 7.523E-02 6.656E-02  0.000E+00
    54 9.770E-05 1.231E+00 2.472E-01 8.207E-02 7.262E-02  0.000E+00
    55 1.066E-04 1.343E+00 2.697E-01 8.953E-02 7.922E-02  0.000E+00
    56 1.163E-04 1.465E+00 2.942E-01 9.766E-02 8.641E-02  0.000E+00
    57 1.268E-04 1.598E+00 3.210E-01 1.065E-01 9.425E-02  0.000E+00
    58 1.383E-04 1.743E+00 3.501E-01 1.162E-01 1.028E-01  0.000E+00
    59 1.509E-04 1.901E+00 3.818E-01 1.267E-01 1.121E-01  0.000E+00
    60 1.645E-04 2.073E+00 4.164E-01 1.382E-01 1.223E-01  0.000E+00
    61 1.794E-04 2.260E+00 4.541E-01 1.507E-01 1.333E-01  0.000E+00
    62 1.957E-04 2.464E+00 4.952E-01 1.643E-01 1.454E-01  0.000E+00
    63 2.134E-04 2.686E+00 5.400E-01 1.791E-01 1.585E-01  0.000E+00
    64 2.327E-04 2.928E+00 5.888E-01 1.952E-01 1.728E-01  0.000E+00
    65 2.537E-04 3.191E+00 6.420E-01 2.128E-01 1.883E-01  0.000E+00
    66 2.766E-04 3.478E+00 7.001E-01 2.319E-01 2.053E-01  0.000E+00
    67 3.016E-04 3.789E+00 7.633E-01 2.526E-01 2.237E-01  0.000E+00
    68 3.289E-04 4.128E+00 8.322E-01 2.752E-01 2.437E-01  0.000E+00
    69 3.585E-04 4.495E+00 9.073E-01 2.996E-01 2.655E-01  0.000E+00
    70 3.909E-04 4.893E+00 9.891E-01 3.262E-01 2.892E-01  0.000E+00
    71 4.261E-04 5.323E+00 1.078E+00 3.549E-01 3.148E-01  0.000E+00
    72 4.645E-04 5.789E+00 1.175E+00 3.859E-01 3.425E-01  0.000E+00
    73 5.063E-04 6.290E+00 1.281E+00 4.193E-01 3.725E-01  0.000E+00
    74 5.519E-04 6.827E+00 1.397E+00 4.551E-01 4.049E-01  0.000E+00
    75 6.016E-04 7.401E+00 1.522E+00 4.934E-01 4.396E-01  0.000E+00
    76 6.557E-04 8.011E+00 1.659E+00 5.341E-01 4.768E-01  0.000E+00
    77 7.145E-04 8.654E+00 1.808E+00 5.770E-01 5.163E-01  0.000E+00
    78 7.772E-04 9.311E+00 1.967E+00 6.208E-01 5.572E-01  0.000E+00
    79 8.412E-04 9.949E+00 2.129E+00 6.632E-01 5.975E-01  0.000E+00
    80 9.050E-04 1.055E+01 2.290E+00 7.032E-01 6.360E-01  0.000E+00
    81 9.688E-04 1.111E+01 2.452E+00 7.405E-01 6.727E-01  0.000E+00
    82 1.032E-03 1.162E+01 2.612E+00 7.749E-01 7.073E-01  0.000E+00
    83 1.096E-03 1.210E+01 2.773E+00 8.064E-01 7.398E-01  0.000E+00
    84 1.159E-03 1.252E+01 2.933E+00 8.349E-01 7.701E-01  0.000E+00
    85 1.222E-03 1.291E+01 3.093E+00 8.604E-01 7.980E-01  0.000E+00
    86 1.285E-03 1.325E+01 3.252E+00 8.831E-01 8.237E-01  0.000E+00
    87 1.348E-03 1.354E+01 3.411E+00 9.030E-01 8.471E-01  0.000E+00
    88 1.411E-03 1.380E+01 3.570E+00 9.202E-01 8.682E-01  0.000E+00
    89 1.473E-03 1.403E+01 3.728E+00 9.350E-01 8.872E-01  0.000E+00
    90 1.535E-03 1.421E+01 3.885E+00 9.476E-01 9.041E-01  0.000E+00
    91 1.597E-03 1.437E+01 4.042E+00 9.581E-01 9.190E-01  0.000E+00
    92 1.659E-03 1.450E+01 4.199E+00 9.669E-01 9.320E-01  0.000E+00
    93 1.721E-03 1.461E+01 4.356E+00 9.740E-01 9.433E-01  0.000E+00
    94 1.783E-03 1.470E+01 4.512E+00 9.799E-01 9.531E-01  0.000E+00
    95 1.845E-03 1.477E+01 4.668E+00 9.846E-01 9.615E-01  0.000E+00
    96 1.906E-03 1.482E+01 4.824E+00 9.883E-01 9.686E-01  0.000E+00
    97 1.968E-03 1.487E+01 4.979E+00 9.912E-01 9.745E-01  0.000E+00
    98 2.029E-03 1.490E+01 5.135E+00 9.934E-01 9.795E-01  0.000E+00
    99 2.090E-03 1.493E+01 5.290E+00 9.952E-01 9.836E-01  0.000E+00
   100 2.152E-03 1.495E+01 5.445E+00 9.965E-01 9.870E-01  0.000E+00
   101 2.213E-03 1.496E+01 5.600E+00 9.975E-01 9.898E-01  0.000E+00
   102 2.274E-03 1.497E+01 5.755E+00 9.982E-01 9.920E-01  0.000E+00
   103 2.336E-03 1.498E+01 5.910E+00 9.987E-01 9.938E-01  0.000E+00
   104 2.397E-03 1.499E+01 6.065E+00 9.991E-01 9.953E-01  0.000E+00
   105 2.458E-03 1.499E+01 6.220E+00 9.994E-01 9.964E-01  0.000E+00
   106 2.519E-03 1.499E+01 6.375E+00 9.996E-01 9.973E-01  0.000E+00
   107 2.580E-03 1.500E+01 6.530E+00 9.997E-01 9.979E-01  0.000E+00
   108 2.641E-03 1.500E+01 6.684E+00 9.998E-01 9.985E-01  0.000E+00
   109 2.703E-03 1.500E+01 6.839E+00 9.999E-01 9.989E-01  0.000E+00
   110 2.764E-03 1.500E+01 6.994E+00 9.999E-01 9.992E-01  0.000E+00
   111 2.825E-03 1.500E+01 7.149E+00 9.999E-01 9.994E-01  0.000E+00
   112 2.886E-03 1.500E+01 7.304E+00 1.000E+00 9.996E-01  0.000E+00
   113 2.947E-03 1.500E+01 7.458E+00 1.000E+00 9.997E-01  0.000E+00
   114 3.008E-03 1.500E+01 7.613E+00 1.000E+00 9.998E-01  0.000E+00
   115 3.070E-03 1.500E+01 7.768E+00 1.000E+00 9.998E-01  0.000E+00
   116 3.131E-03 1.500E+01 7.923E+00 1.000E+00 9.999E-01  0.000E+00
   117 3.192E-03 1.500E+01 8.077E+00 1.000E+00 9.999E-01  0.000E+00
   118 3.253E-03 1.500E+01 8.232E+00 1.000E+00 9.999E-01  0.000E+00
   119 3.314E-03 1.500E+01 8.387E+00 1.000E+00 1.000E+00  0.000E+00
   120 3.375E-03 1.500E+01 8.542E+00 1.000E+00 1.000E+00  0.000E+00
   121 3.437E-03 1.500E+01 8.697E+00 1.000E+00 1.000E+00  0.000E+00
   122 3.498E-03 1.500E+01 8.851E+00 1.000E+00 1.000E+00  0.000E+00
   123 3.559E-03 1.500E+01 9.006E+00 1.000E+00 1.000E+00  0.000E+00
   124 3.620E-03 1.500E+01 9.161E+00 1.000E+00 1.000E+00  0.000E+00
   125 3.681E-03 1.500E+01 9.316E+00 1.000E+00 1.000E+00  0.000E+00
   126 3.742E-03 1.500E+01 9.470E+00 1.000E+00 1.000E+00  0.000E+00
   127 3.819E-03 1.500E+01 9.664E+00 1.000E+00 1.000E+00  0.000E+00
   128 3.865E-03 1.500E+01 9.780E+00 1.000E+00 1.000E+00  0.000E+00

  intg x         rem       cf2       h12       reh        st
  1695 2.000E-01 2.912E+02 7.574E-04 2.590E+00 3.642E+02  9.478E-04

    i  y(i)      u(i)      eta       f(eta)    g(eta)    c(eta)       
     1 0.000E+00 0.000E+00 0.000E+00 0.000E+00 0.000E+00  0.000E+00
     2 8.215E-08 8.966E-04 1.800E-04 5.977E-05 5.288E-05  0.000E+00
     3 2.249E-07 2.454E-03 4.928E-04 1.636E-04 1.448E-04  0.000E+00
     4 3.515E-07 3.836E-03 7.702E-04 2.557E-04 2.262E-04  0.000E+00
     5 4.894E-07 5.342E-03 1.073E-03 3.561E-04 3.151E-04  0.000E+00
     6 6.398E-07 6.983E-03 1.402E-03 4.655E-04 4.119E-04  0.000E+00
     7 8.038E-07 8.772E-03 1.762E-03 5.848E-04 5.174E-04  0.000E+00
     8 9.825E-07 1.072E-02 2.153E-03 7.148E-04 6.324E-04  0.000E+00
     9 1.177E-06 1.285E-02 2.580E-03 8.565E-04 7.578E-04  0.000E+00
    10 1.390E-06 1.516E-02 3.045E-03 1.011E-03 8.944E-04  0.000E+00
    11 1.621E-06 1.769E-02 3.552E-03 1.179E-03 1.043E-03  0.000E+00
    12 1.873E-06 2.044E-02 4.105E-03 1.363E-03 1.206E-03  0.000E+00
    13 2.148E-06 2.344E-02 4.708E-03 1.563E-03 1.383E-03  0.000E+00
    14 2.448E-06 2.671E-02 5.364E-03 1.781E-03 1.576E-03  0.000E+00
    15 2.774E-06 3.028E-02 6.080E-03 2.019E-03 1.786E-03  0.000E+00
    16 3.131E-06 3.416E-02 6.861E-03 2.278E-03 2.015E-03  0.000E+00
    17 3.519E-06 3.840E-02 7.711E-03 2.560E-03 2.265E-03  0.000E+00
    18 3.942E-06 4.302E-02 8.638E-03 2.868E-03 2.537E-03  0.000E+00
    19 4.403E-06 4.805E-02 9.649E-03 3.203E-03 2.834E-03  0.000E+00
    20 4.905E-06 5.353E-02 1.075E-02 3.569E-03 3.158E-03  0.000E+00
    21 5.453E-06 5.951E-02 1.195E-02 3.968E-03 3.510E-03  0.000E+00
    22 6.050E-06 6.603E-02 1.326E-02 4.402E-03 3.895E-03  0.000E+00
    23 6.701E-06 7.313E-02 1.469E-02 4.876E-03 4.313E-03  0.000E+00
    24 7.411E-06 8.088E-02 1.624E-02 5.392E-03 4.770E-03  0.000E+00
    25 8.184E-06 8.931E-02 1.794E-02 5.954E-03 5.268E-03  0.000E+00
    26 9.027E-06 9.851E-02 1.978E-02 6.568E-03 5.810E-03  0.000E+00
    27 9.946E-06 1.085E-01 2.180E-02 7.236E-03 6.402E-03  0.000E+00
    28 1.095E-05 1.195E-01 2.399E-02 7.965E-03 7.046E-03  0.000E+00
    29 1.204E-05 1.314E-01 2.638E-02 8.759E-03 7.749E-03  0.000E+00
    30 1.323E-05 1.444E-01 2.899E-02 9.625E-03 8.515E-03  0.000E+00
    31 1.453E-05 1.585E-01 3.183E-02 1.057E-02 9.350E-03  0.000E+00
    32 1.594E-05 1.739E-01 3.493E-02 1.160E-02 1.026E-02  0.000E+00
    33 1.748E-05 1.908E-01 3.831E-02 1.272E-02 1.125E-02  0.000E+00
    34 1.916E-05 2.091E-01 4.199E-02 1.394E-02 1.233E-02  0.000E+00
    35 2.099E-05 2.291E-01 4.600E-02 1.527E-02 1.351E-02  0.000E+00
    36 2.299E-05 2.509E-01 5.037E-02 1.672E-02 1.480E-02  0.000E+00
    37 2.516E-05 2.746E-01 5.514E-02 1.831E-02 1.620E-02  0.000E+00
    38 2.753E-05 3.005E-01 6.034E-02 2.003E-02 1.772E-02  0.000E+00
    39 3.012E-05 3.287E-01 6.600E-02 2.191E-02 1.939E-02  0.000E+00
    40 3.293E-05 3.594E-01 7.217E-02 2.396E-02 2.120E-02  0.000E+00
    41 3.600E-05 3.929E-01 7.890E-02 2.619E-02 2.317E-02  0.000E+00
    42 3.935E-05 4.294E-01 8.623E-02 2.863E-02 2.533E-02  0.000E+00
    43 4.300E-05 4.692E-01 9.423E-02 3.128E-02 2.768E-02  0.000E+00
    44 4.697E-05 5.126E-01 1.029E-01 3.418E-02 3.024E-02  0.000E+00
    45 5.131E-05 5.599E-01 1.124E-01 3.733E-02 3.303E-02  0.000E+00
    46 5.603E-05 6.115E-01 1.228E-01 4.077E-02 3.607E-02  0.000E+00
    47 6.118E-05 6.677E-01 1.341E-01 4.451E-02 3.938E-02  0.000E+00
    48 6.679E-05 7.289E-01 1.464E-01 4.859E-02 4.299E-02  0.000E+00
    49 7.291E-05 7.957E-01 1.598E-01 5.305E-02 4.693E-02  0.000E+00
    50 7.958E-05 8.684E-01 1.744E-01 5.790E-02 5.122E-02  0.000E+00
    51 8.685E-05 9.478E-01 1.903E-01 6.318E-02 5.590E-02  0.000E+00
    52 9.477E-05 1.034E+00 2.077E-01 6.895E-02 6.100E-02  0.000E+00
    53 1.034E-04 1.128E+00 2.266E-01 7.523E-02 6.656E-02  0.000E+00
    54 1.128E-04 1.231E+00 2.472E-01 8.207E-02 7.261E-02  0.000E+00
    55 1.231E-04 1.343E+00 2.697E-01 8.953E-02 7.922E-02  0.000E+00
    56 1.343E-04 1.465E+00 2.942E-01 9.767E-02 8.641E-02  0.000E+00
    57 1.464E-04 1.598E+00 3.209E-01 1.065E-01 9.425E-02  0.000E+00
    58 1.597E-04 1.743E+00 3.501E-01 1.162E-01 1.028E-01  0.000E+00
    59 1.742E-04 1.901E+00 3.818E-01 1.267E-01 1.121E-01  0.000E+00
    60 1.900E-04 2.073E+00 4.164E-01 1.382E-01 1.223E-01  0.000E+00
    61 2.072E-04 2.260E+00 4.541E-01 1.507E-01 1.333E-01  0.000E+00
    62 2.260E-04 2.464E+00 4.952E-01 1.643E-01 1.454E-01  0.000E+00
    63 2.464E-04 2.686E+00 5.400E-01 1.791E-01 1.585E-01  0.000E+00
    64 2.687E-04 2.928E+00 5.888E-01 1.952E-01 1.728E-01  0.000E+00
    65 2.930E-04 3.191E+00 6.420E-01 2.128E-01 1.883E-01  0.000E+00
    66 3.194E-04 3.478E+00 7.000E-01 2.319E-01 2.053E-01  0.000E+00
    67 3.483E-04 3.789E+00 7.633E-01 2.526E-01 2.237E-01  0.000E+00
    68 3.797E-04 4.128E+00 8.322E-01 2.752E-01 2.437E-01  0.000E+00
    69 4.140E-04 4.495E+00 9.073E-01 2.997E-01 2.655E-01  0.000E+00
    70 4.513E-04 4.893E+00 9.891E-01 3.262E-01 2.891E-01  0.000E+00
    71 4.920E-04 5.324E+00 1.078E+00 3.549E-01 3.148E-01  0.000E+00
    72 5.364E-04 5.789E+00 1.175E+00 3.859E-01 3.425E-01  0.000E+00
    73 5.847E-04 6.290E+00 1.281E+00 4.193E-01 3.725E-01  0.000E+00
    74 6.373E-04 6.827E+00 1.397E+00 4.552E-01 4.049E-01  0.000E+00
    75 6.946E-04 7.402E+00 1.522E+00 4.934E-01 4.396E-01  0.000E+00
    76 7.571E-04 8.012E+00 1.659E+00 5.341E-01 4.768E-01  0.000E+00
    77 8.251E-04 8.655E+00 1.808E+00 5.770E-01 5.163E-01  0.000E+00
    78 8.974E-04 9.312E+00 1.967E+00 6.208E-01 5.572E-01  0.000E+00
    79 9.713E-04 9.949E+00 2.129E+00 6.632E-01 5.975E-01  0.000E+00
    80 1.045E-03 1.055E+01 2.290E+00 7.032E-01 6.360E-01  0.000E+00
    81 1.119E-03 1.111E+01 2.452E+00 7.405E-01 6.727E-01  0.000E+00
    82 1.192E-03 1.162E+01 2.612E+00 7.749E-01 7.073E-01  0.000E+00
    83 1.265E-03 1.210E+01 2.773E+00 8.064E-01 7.398E-01  0.000E+00
    84 1.338E-03 1.252E+01 2.933E+00 8.349E-01 7.701E-01  0.000E+00
    85 1.411E-03 1.291E+01 3.093E+00 8.605E-01 7.980E-01  0.000E+00
    86 1.484E-03 1.325E+01 3.252E+00 8.831E-01 8.237E-01  0.000E+00
    87 1.556E-03 1.354E+01 3.411E+00 9.030E-01 8.471E-01  0.000E+00
    88 1.629E-03 1.380E+01 3.570E+00 9.202E-01 8.682E-01  0.000E+00
    89 1.701E-03 1.403E+01 3.728E+00 9.350E-01 8.872E-01  0.000E+00
    90 1.773E-03 1.421E+01 3.885E+00 9.476E-01 9.041E-01  0.000E+00
    91 1.845E-03 1.437E+01 4.042E+00 9.581E-01 9.190E-01  0.000E+00
    92 1.916E-03 1.450E+01 4.199E+00 9.669E-01 9.320E-01  0.000E+00
    93 1.988E-03 1.461E+01 4.356E+00 9.741E-01 9.433E-01  0.000E+00
    94 2.059E-03 1.470E+01 4.512E+00 9.799E-01 9.531E-01  0.000E+00
    95 2.130E-03 1.477E+01 4.668E+00 9.846E-01 9.615E-01  0.000E+00
    96 2.201E-03 1.482E+01 4.824E+00 9.883E-01 9.686E-01  0.000E+00
    97 2.272E-03 1.487E+01 4.979E+00 9.912E-01 9.745E-01  0.000E+00
    98 2.343E-03 1.490E+01 5.135E+00 9.934E-01 9.795E-01  0.000E+00
    99 2.414E-03 1.493E+01 5.290E+00 9.952E-01 9.836E-01  0.000E+00
   100 2.485E-03 1.495E+01 5.445E+00 9.965E-01 9.870E-01  0.000E+00
   101 2.555E-03 1.496E+01 5.600E+00 9.975E-01 9.898E-01  0.000E+00
   102 2.626E-03 1.497E+01 5.755E+00 9.982E-01 9.920E-01  0.000E+00
   103 2.697E-03 1.498E+01 5.910E+00 9.987E-01 9.938E-01  0.000E+00
   104 2.768E-03 1.499E+01 6.065E+00 9.991E-01 9.953E-01  0.000E+00
   105 2.838E-03 1.499E+01 6.220E+00 9.994E-01 9.964E-01  0.000E+00
   106 2.909E-03 1.499E+01 6.375E+00 9.996E-01 9.973E-01  0.000E+00
   107 2.979E-03 1.500E+01 6.530E+00 9.997E-01 9.979E-01  0.000E+00
   108 3.050E-03 1.500E+01 6.684E+00 9.998E-01 9.985E-01  0.000E+00
   109 3.121E-03 1.500E+01 6.839E+00 9.999E-01 9.989E-01  0.000E+00
   110 3.191E-03 1.500E+01 6.994E+00 9.999E-01 9.992E-01  0.000E+00
   111 3.262E-03 1.500E+01 7.149E+00 9.999E-01 9.994E-01  0.000E+00
   112 3.333E-03 1.500E+01 7.304E+00 1.000E+00 9.996E-01  0.000E+00
   113 3.403E-03 1.500E+01 7.458E+00 1.000E+00 9.997E-01  0.000E+00
   114 3.474E-03 1.500E+01 7.613E+00 1.000E+00 9.998E-01  0.000E+00
   115 3.545E-03 1.500E+01 7.768E+00 1.000E+00 9.998E-01  0.000E+00
   116 3.615E-03 1.500E+01 7.923E+00 1.000E+00 9.999E-01  0.000E+00
   117 3.686E-03 1.500E+01 8.077E+00 1.000E+00 9.999E-01  0.000E+00
   118 3.756E-03 1.500E+01 8.232E+00 1.000E+00 9.999E-01  0.000E+00
   119 3.827E-03 1.500E+01 8.387E+00 1.000E+00 1.000E+00  0.000E+00
   120 3.898E-03 1.500E+01 8.542E+00 1.000E+00 1.000E+00  0.000E+00
   121 3.968E-03 1.500E+01 8.697E+00 1.000E+00 1.000E+00  0.000E+00
   122 4.039E-03 1.500E+01 8.851E+00 1.000E+00 1.000E+00  0.000E+00
   123 4.110E-03 1.500E+01 9.006E+00 1.000E+00 1.000E+00  0.000E+00
   124 4.180E-03 1.500E+01 9.161E+00 1.000E+00 1.000E+00  0.000E+00
   125 4.251E-03 1.500E+01 9.316E+00 1.000E+00 1.000E+00  0.000E+00
   126 4.321E-03 1.500E+01 9.470E+00 1.000E+00 1.000E+00  0.000E+00
   127 4.410E-03 1.500E+01 9.664E+00 1.000E+00 1.000E+00  0.000E+00
   128 4.463E-03 1.500E+01 9.780E+00 1.000E+00 1.000E+00  0.000E+00
