   s200_5.dat, turb ml, flat plate, Ts(x)                                  
   scaling factor for x/s, s=  1.0000E+00
   constant props, csubp =  1005.00 htc based on (ts-tinf)
        intg  x/s            htc         qflux       ts          tinf
           5  2.0031939E-01  5.5868E+01 -2.7934E+02  2.9500E+02  3.0000E+02
          50  2.0527160E-01  5.5913E+01 -2.7957E+02  2.9500E+02  3.0000E+02
         100  2.2187142E-01  5.5164E+01 -2.7582E+02  2.9500E+02  3.0000E+02
         150  2.3927138E-01  5.3799E+01 -2.6899E+02  2.9500E+02  3.0000E+02
         200  2.5748707E-01  5.2476E+01 -2.6238E+02  2.9500E+02  3.0000E+02
         250  2.7655793E-01  5.1291E+01 -2.5646E+02  2.9500E+02  3.0000E+02
         300  2.9651727E-01  5.0231E+01 -2.5116E+02  2.9500E+02  3.0000E+02
         350  3.1740128E-01  4.9265E+01 -2.4633E+02  2.9500E+02  3.0000E+02
         400  3.3924724E-01  4.8375E+01 -2.4188E+02  2.9500E+02  3.0000E+02
         450  3.6209245E-01  4.7547E+01 -2.3774E+02  2.9500E+02  3.0000E+02
         500  3.8597431E-01  4.6772E+01 -2.3386E+02  2.9500E+02  3.0000E+02
         550  4.1093056E-01  4.6041E+01 -2.3021E+02  2.9500E+02  3.0000E+02
         600  4.3699934E-01  4.5350E+01 -2.2675E+02  2.9500E+02  3.0000E+02
         650  4.6421921E-01  4.4694E+01 -2.2347E+02  2.9500E+02  3.0000E+02
         700  4.9262930E-01  4.4069E+01 -2.2034E+02  2.9500E+02  3.0000E+02
         750  5.2227355E-01  4.3471E+01 -2.1736E+02  2.9500E+02  3.0000E+02
         800  5.5319580E-01  4.2898E+01 -2.1449E+02  2.9500E+02  3.0000E+02
         850  5.8543773E-01  4.2348E+01 -2.1174E+02  2.9500E+02  3.0000E+02
         900  6.1904165E-01  4.1819E+01 -2.0910E+02  2.9500E+02  3.0000E+02
         950  6.5405060E-01  4.1310E+01 -2.0655E+02  2.9500E+02  3.0000E+02
        1000  6.9050835E-01  4.0819E+01 -2.0410E+02  2.9500E+02  3.0000E+02
        1050  7.2845945E-01  4.0345E+01 -2.0172E+02  2.9500E+02  3.0000E+02
        1100  7.6794926E-01  3.9886E+01 -1.9943E+02  2.9500E+02  3.0000E+02
        1150  8.0902396E-01  3.9442E+01 -1.9721E+02  2.9500E+02  3.0000E+02
        1200  8.5173059E-01  3.9012E+01 -1.9506E+02  2.9500E+02  3.0000E+02
        1250  8.9611706E-01  3.8595E+01 -1.9297E+02  2.9500E+02  3.0000E+02
        1300  9.4223218E-01  3.8190E+01 -1.9095E+02  2.9500E+02  3.0000E+02
        1350  9.9012567E-01  3.7796E+01 -1.8898E+02  2.9500E+02  3.0000E+02
        1400  1.0398482E+00  3.7413E+01 -1.8707E+02  2.9500E+02  3.0000E+02
        1450  1.0914513E+00  3.7041E+01 -1.8520E+02  2.9500E+02  3.0000E+02
        1500  1.1449876E+00  3.6678E+01 -1.8339E+02  2.9500E+02  3.0000E+02
        1550  1.2005107E+00  3.6324E+01 -1.8162E+02  2.9500E+02  3.0000E+02
        1600  1.2580750E+00  3.5980E+01 -1.7990E+02  2.9500E+02  3.0000E+02
        1650  1.3177362E+00  3.5644E+01 -1.7822E+02  2.9500E+02  3.0000E+02
        1700  1.3795508E+00  3.5316E+01 -1.7658E+02  2.9500E+02  3.0000E+02
        1750  1.4435764E+00  3.4996E+01 -1.7498E+02  2.9500E+02  3.0000E+02
        1800  1.5098718E+00  3.4683E+01 -1.7342E+02  2.9500E+02  3.0000E+02
        1850  1.5784966E+00  3.4378E+01 -1.7189E+02  2.9500E+02  3.0000E+02
        1900  1.6495117E+00  3.4079E+01 -1.7040E+02  2.9500E+02  3.0000E+02
        1950  1.7229790E+00  3.3787E+01 -1.6894E+02  2.9500E+02  3.0000E+02
        2000  1.7989615E+00  3.3502E+01 -1.6751E+02  2.9500E+02  3.0000E+02
        2050  1.8775234E+00  3.3222E+01 -1.6611E+02  2.9500E+02  3.0000E+02
        2100  1.9587301E+00  3.2949E+01 -1.6474E+02  2.9500E+02  3.0000E+02
        2150  2.0426478E+00  3.2681E+01 -1.6340E+02  2.9500E+02  3.0000E+02
        2200  2.1293443E+00  3.2418E+01 -1.6209E+02  2.9500E+02  3.0000E+02
        2250  2.2188882E+00  3.2160E+01 -1.6080E+02  2.9500E+02  3.0000E+02
        2300  2.3113497E+00  3.1907E+01 -1.5953E+02  2.9500E+02  3.0000E+02
        2350  2.4068000E+00  3.1659E+01 -1.5829E+02  2.9500E+02  3.0000E+02
        2400  2.5053113E+00  3.1415E+01 -1.5707E+02  2.9500E+02  3.0000E+02
        2450  2.6069572E+00  3.1176E+01 -1.5588E+02  2.9500E+02  3.0000E+02
        2500  2.7118124E+00  3.0941E+01 -1.5471E+02  2.9500E+02  3.0000E+02
        2550  2.8199531E+00  3.0711E+01 -1.5355E+02  2.9500E+02  3.0000E+02
        2600  2.9314563E+00  3.0485E+01 -1.5242E+02  2.9500E+02  3.0000E+02
        2630  3.0000000E+00  3.0351E+01 -1.5175E+02  2.9500E+02  3.0000E+02
