   s200_5.dat, turb ml, flat plate, Ts(x)                                  
   scaling factor for x/s, s=  1.0000E+00
   constant props, csubp =  1005.00 htc based on (ts-tinf)
 x/s           rex           rem        cf/2      reh       st        nu
 2.0031939E-01 2.0202333E+05 6.9633E+02 2.496E-03 5.877E+02 3.149E-03 4.497E+02
 2.0527160E-01 2.0678020E+05 7.0821E+02 2.498E-03 6.027E+02 3.151E-03 4.607E+02
 2.2187142E-01 2.2272524E+05 7.4791E+02 2.474E-03 6.527E+02 3.109E-03 4.896E+02
 2.3927138E-01 2.3943886E+05 7.8890E+02 2.430E-03 7.040E+02 3.032E-03 5.133E+02
 2.5748707E-01 2.5693603E+05 8.3104E+02 2.386E-03 7.564E+02 2.958E-03 5.372E+02
 2.7655793E-01 2.7525463E+05 8.7438E+02 2.345E-03 8.100E+02 2.891E-03 5.626E+02
 2.9651727E-01 2.9442669E+05 9.1899E+02 2.308E-03 8.648E+02 2.831E-03 5.893E+02
 3.1740128E-01 3.1448692E+05 9.6495E+02 2.273E-03 9.211E+02 2.777E-03 6.173E+02
 3.3924724E-01 3.3547117E+05 1.0123E+03 2.241E-03 9.788E+02 2.726E-03 6.466E+02
 3.6209245E-01 3.5741524E+05 1.0612E+03 2.210E-03 1.038E+03 2.680E-03 6.772E+02
 3.8597431E-01 3.8035508E+05 1.1116E+03 2.181E-03 1.099E+03 2.636E-03 7.089E+02
 4.1093056E-01 4.0432694E+05 1.1636E+03 2.154E-03 1.162E+03 2.595E-03 7.418E+02
 4.3699934E-01 4.2936743E+05 1.2172E+03 2.127E-03 1.226E+03 2.556E-03 7.759E+02
 4.6421921E-01 4.5551361E+05 1.2725E+03 2.102E-03 1.293E+03 2.519E-03 8.112E+02
 4.9262930E-01 4.8280306E+05 1.3295E+03 2.077E-03 1.361E+03 2.484E-03 8.478E+02
 5.2227355E-01 5.1127799E+05 1.3884E+03 2.054E-03 1.431E+03 2.450E-03 8.856E+02
 5.5319580E-01 5.4098052E+05 1.4490E+03 2.031E-03 1.504E+03 2.418E-03 9.247E+02
 5.8543773E-01 5.7195066E+05 1.5116E+03 2.009E-03 1.578E+03 2.387E-03 9.651E+02
 6.1904165E-01 6.0422907E+05 1.5761E+03 1.987E-03 1.655E+03 2.357E-03 1.007E+03
 6.5405060E-01 6.3785709E+05 1.6426E+03 1.966E-03 1.733E+03 2.328E-03 1.050E+03
 6.9050835E-01 6.7287676E+05 1.7111E+03 1.946E-03 1.814E+03 2.301E-03 1.094E+03
 7.2845945E-01 7.0933088E+05 1.7817E+03 1.926E-03 1.898E+03 2.274E-03 1.140E+03
 7.6794926E-01 7.4726301E+05 1.8545E+03 1.907E-03 1.984E+03 2.248E-03 1.188E+03
 8.0902396E-01 7.8671752E+05 1.9294E+03 1.888E-03 2.072E+03 2.223E-03 1.236E+03
 8.5173059E-01 8.2773959E+05 2.0065E+03 1.870E-03 2.163E+03 2.199E-03 1.287E+03
 8.9611706E-01 8.7037523E+05 2.0859E+03 1.852E-03 2.256E+03 2.175E-03 1.339E+03
 9.4223218E-01 9.1467134E+05 2.1675E+03 1.835E-03 2.352E+03 2.152E-03 1.392E+03
 9.9012567E-01 9.6067566E+05 2.2516E+03 1.818E-03 2.450E+03 2.130E-03 1.447E+03
 1.0398482E+00 1.0084369E+06 2.3380E+03 1.801E-03 2.552E+03 2.109E-03 1.503E+03
 1.0914513E+00 1.0580045E+06 2.4269E+03 1.785E-03 2.656E+03 2.088E-03 1.562E+03
 1.1449876E+00 1.1094291E+06 2.5183E+03 1.769E-03 2.762E+03 2.067E-03 1.621E+03
 1.2005107E+00 1.1627620E+06 2.6123E+03 1.753E-03 2.872E+03 2.047E-03 1.683E+03
 1.2580750E+00 1.2180557E+06 2.7088E+03 1.738E-03 2.985E+03 2.028E-03 1.746E+03
 1.3177362E+00 1.2753636E+06 2.8080E+03 1.723E-03 3.101E+03 2.009E-03 1.811E+03
 1.3795508E+00 1.3347399E+06 2.9099E+03 1.708E-03 3.219E+03 1.990E-03 1.878E+03
 1.4435764E+00 1.3962400E+06 3.0146E+03 1.694E-03 3.341E+03 1.972E-03 1.947E+03
 1.5098718E+00 1.4599203E+06 3.1220E+03 1.680E-03 3.466E+03 1.955E-03 2.018E+03
 1.5784966E+00 1.5258382E+06 3.2324E+03 1.666E-03 3.595E+03 1.938E-03 2.090E+03
 1.6495117E+00 1.5940521E+06 3.3456E+03 1.653E-03 3.726E+03 1.921E-03 2.165E+03
 1.7229790E+00 1.6646215E+06 3.4618E+03 1.639E-03 3.861E+03 1.904E-03 2.241E+03
 1.7989615E+00 1.7376069E+06 3.5810E+03 1.626E-03 4.000E+03 1.888E-03 2.320E+03
 1.8775234E+00 1.8130700E+06 3.7033E+03 1.614E-03 4.142E+03 1.872E-03 2.400E+03
 1.9587301E+00 1.8910734E+06 3.8287E+03 1.601E-03 4.287E+03 1.857E-03 2.483E+03
 2.0426478E+00 1.9716810E+06 3.9573E+03 1.589E-03 4.436E+03 1.842E-03 2.568E+03
 2.1293443E+00 2.0549577E+06 4.0891E+03 1.577E-03 4.589E+03 1.827E-03 2.654E+03
 2.2188882E+00 2.1409696E+06 4.2242E+03 1.565E-03 4.746E+03 1.813E-03 2.744E+03
 2.3113497E+00 2.2297840E+06 4.3627E+03 1.553E-03 4.906E+03 1.798E-03 2.835E+03
 2.4068000E+00 2.3214692E+06 4.5046E+03 1.541E-03 5.070E+03 1.784E-03 2.928E+03
 2.5053113E+00 2.4160947E+06 4.6500E+03 1.530E-03 5.238E+03 1.771E-03 3.024E+03
 2.6069572E+00 2.5137312E+06 4.7988E+03 1.519E-03 5.411E+03 1.757E-03 3.123E+03
 2.7118124E+00 2.6144504E+06 4.9513E+03 1.508E-03 5.587E+03 1.744E-03 3.223E+03
 2.8199531E+00 2.7183254E+06 5.1074E+03 1.497E-03 5.768E+03 1.731E-03 3.326E+03
 2.9314563E+00 2.8254304E+06 5.2673E+03 1.487E-03 5.952E+03 1.718E-03 3.432E+03
 3.0000000E+00 2.8912704E+06 5.3650E+03 1.480E-03 6.065E+03 1.711E-03 3.497E+03
