   s200_5.dat, turb ml, flat plate, Ts(x)                                  
   scaling factor for x/s, s=  1.0000E+00
   constant props, csubp =  1005.00 htc based on (ts-tinf)
        intg  x/s            htc         qflux       ts          tinf
           5  2.0011240E-01  5.4962E+01 -2.7481E+02  2.9500E+02  3.0000E+02
          50  2.0129040E-01  5.0336E+01 -2.5168E+02  2.9500E+02  3.0000E+02
         100  2.0567160E-01  4.8817E+01 -2.4408E+02  2.9500E+02  3.0000E+02
         150  2.2085004E-01  5.4236E+01 -2.7118E+02  2.9500E+02  3.0000E+02
         200  2.4441942E-01  5.6761E+01 -2.8380E+02  2.9500E+02  3.0000E+02
         250  2.6960579E-01  5.4736E+01 -2.7368E+02  2.9500E+02  3.0000E+02
         300  2.9634761E-01  5.2470E+01 -2.6235E+02  2.9500E+02  3.0000E+02
         350  3.2464491E-01  5.0596E+01 -2.5298E+02  2.9500E+02  3.0000E+02
         400  3.5446709E-01  4.9086E+01 -2.4543E+02  2.9500E+02  3.0000E+02
         450  3.8578381E-01  4.7844E+01 -2.3922E+02  2.9500E+02  3.0000E+02
         500  4.1876898E-01  4.6789E+01 -2.3394E+02  2.9500E+02  3.0000E+02
         550  4.5338830E-01  4.5872E+01 -2.2936E+02  2.9500E+02  3.0000E+02
         600  4.8963214E-01  4.5060E+01 -2.2530E+02  2.9500E+02  3.0000E+02
         650  5.2751538E-01  4.4329E+01 -2.2164E+02  2.9500E+02  3.0000E+02
         700  5.6707416E-01  4.3663E+01 -2.1831E+02  2.9500E+02  3.0000E+02
         750  6.0836286E-01  4.3049E+01 -2.1525E+02  2.9500E+02  3.0000E+02
         800  6.5145124E-01  4.2479E+01 -2.1240E+02  2.9500E+02  3.0000E+02
         850  6.9642163E-01  4.1946E+01 -2.0973E+02  2.9500E+02  3.0000E+02
         900  7.4336606E-01  4.1445E+01 -2.0722E+02  2.9500E+02  3.0000E+02
         950  7.9238343E-01  4.0970E+01 -2.0485E+02  2.9500E+02  3.0000E+02
        1000  8.4357667E-01  4.0519E+01 -2.0260E+02  2.9500E+02  3.0000E+02
        1050  8.9704994E-01  4.0089E+01 -2.0045E+02  2.9500E+02  3.0000E+02
        1100  9.5290610E-01  3.9677E+01 -1.9839E+02  2.9500E+02  3.0000E+02
        1150  1.0112444E+00  3.9282E+01 -1.9641E+02  2.9500E+02  3.0000E+02
        1200  1.0721589E+00  3.8910E+01 -1.9455E+02  2.9500E+02  3.0000E+02
        1250  1.1357371E+00  3.8535E+01 -1.9268E+02  2.9500E+02  3.0000E+02
        1300  1.2020596E+00  3.8181E+01 -1.9091E+02  2.9500E+02  3.0000E+02
        1350  1.2712003E+00  3.7839E+01 -1.8919E+02  2.9500E+02  3.0000E+02
        1400  1.3432270E+00  3.7507E+01 -1.8753E+02  2.9500E+02  3.0000E+02
        1450  1.4182029E+00  3.7185E+01 -1.8593E+02  2.9500E+02  3.0000E+02
        1500  1.4963183E+00  3.6872E+01 -1.8436E+02  2.9500E+02  3.0000E+02
        1550  1.5780403E+00  3.6566E+01 -1.8283E+02  2.9500E+02  3.0000E+02
        1600  1.6634660E+00  3.6267E+01 -1.8133E+02  2.9500E+02  3.0000E+02
        1650  1.7526555E+00  3.5974E+01 -1.7987E+02  2.9500E+02  3.0000E+02
        1700  1.8456628E+00  3.5688E+01 -1.7844E+02  2.9500E+02  3.0000E+02
        1750  1.9425383E+00  3.5409E+01 -1.7704E+02  2.9500E+02  3.0000E+02
        1800  2.0433318E+00  3.5136E+01 -1.7568E+02  2.9500E+02  3.0000E+02
        1850  2.1481312E+00  3.4869E+01 -1.7435E+02  2.9500E+02  3.0000E+02
        1900  2.2576022E+00  3.4607E+01 -1.7303E+02  2.9500E+02  3.0000E+02
        1950  2.3720039E+00  3.4349E+01 -1.7174E+02  2.9500E+02  3.0000E+02
        2000  2.4913708E+00  3.4095E+01 -1.7047E+02  2.9500E+02  3.0000E+02
        2050  2.6157388E+00  3.3846E+01 -1.6923E+02  2.9500E+02  3.0000E+02
        2100  2.7451475E+00  3.3602E+01 -1.6801E+02  2.9500E+02  3.0000E+02
        2150  2.8796431E+00  3.3362E+01 -1.6681E+02  2.9500E+02  3.0000E+02
        2193  3.0000000E+00  3.3158E+01 -1.6579E+02  2.9500E+02  3.0000E+02
