   s10.dat, lam, Blasius, Ts(x)                                            
   scaling factor for x/s, s=  1.0000E+00
   constant props, csubp =  2003.00 htc based on (ts-tinf)
        intg  x/s            htc         qflux       ts          tinf
           5  1.0479657E-03  2.2236E+02 -1.1118E+03  2.9500E+02  3.0000E+02
          50  1.2685404E-03  2.0214E+02 -1.0107E+03  2.9500E+02  3.0000E+02
         100  2.5351710E-03  1.4283E+02 -7.1415E+02  2.9500E+02  3.0000E+02
         150  4.2369416E-03  1.1047E+02 -5.5234E+02  2.9500E+02  3.0000E+02
         200  6.3737806E-03  9.0055E+01 -4.5027E+02  2.9500E+02  3.0000E+02
         250  8.9468371E-03  7.6006E+01 -3.8003E+02  2.9500E+02  3.0000E+02
         300  1.1955666E-02  6.5750E+01 -3.2875E+02  2.9500E+02  3.0000E+02
         350  1.5400284E-02  5.7933E+01 -2.8967E+02  2.9500E+02  3.0000E+02
         400  1.9280713E-02  5.1778E+01 -2.5889E+02  2.9500E+02  3.0000E+02
         450  2.3596966E-02  4.6805E+01 -2.3403E+02  2.9500E+02  3.0000E+02
         500  2.8349050E-02  4.2704E+01 -2.1352E+02  2.9500E+02  3.0000E+02
         550  3.3536968E-02  3.9263E+01 -1.9632E+02  2.9500E+02  3.0000E+02
         600  3.9160725E-02  3.6336E+01 -1.8168E+02  2.9500E+02  3.0000E+02
         650  4.5220320E-02  3.3815E+01 -1.6908E+02  2.9500E+02  3.0000E+02
         700  5.1730998E-02  3.1616E+01 -1.5808E+02  2.9500E+02  3.0000E+02
         750  5.8663264E-02  2.9690E+01 -1.4845E+02  2.9500E+02  3.0000E+02
         800  6.6031371E-02  2.7986E+01 -1.3993E+02  2.9500E+02  3.0000E+02
         850  7.3835320E-02  2.6466E+01 -1.3233E+02  2.9500E+02  3.0000E+02
         900  8.2075110E-02  2.5103E+01 -1.2551E+02  2.9500E+02  3.0000E+02
         950  9.0750742E-02  2.3873E+01 -1.1937E+02  2.9500E+02  3.0000E+02
        1000  9.9862216E-02  2.2758E+01 -1.1379E+02  2.9500E+02  3.0000E+02
        1050  1.0935840E-01  2.1748E+01 -1.0874E+02  2.9500E+02  3.0000E+02
        1100  1.1933928E-01  2.0819E+01 -1.0410E+02  2.9500E+02  3.0000E+02
        1150  1.2975600E-01  1.9966E+01 -9.9831E+01  2.9500E+02  3.0000E+02
        1200  1.4060856E-01  1.9181E+01 -9.5903E+01  2.9500E+02  3.0000E+02
        1250  1.5183506E-01  1.8458E+01 -9.2290E+01  2.9500E+02  3.0000E+02
        1300  1.6355696E-01  1.7785E+01 -8.8923E+01  2.9500E+02  3.0000E+02
        1350  1.7571470E-01  1.7158E+01 -8.5792E+01  2.9500E+02  3.0000E+02
        1400  1.8830829E-01  1.6575E+01 -8.2874E+01  2.9500E+02  3.0000E+02
        1445  2.0000000E-01  1.6083E+01 -8.0416E+01  2.9500E+02  3.0000E+02
