  ====================================================
  TEXSTAN(academic)
  s10.dat, lam, Blasius, Ts(x)                                            
  stepsize: constant, dx=  .100
  entrainment based only on mom + energy eqns;   enfra= 1.00E-06  fra=  .010
  dpdx: not-a-knot spline curve fit
  energy eqn: solved, no source terms
  properties: constant
     po= 1.01325E+05  den= 6.00000E-01  vis= 1.30000E-05  sp_ht= 2.00300E+03
     prc(je)=    1.000
  initial profiles: kstart=  4  dyi= 5.000E-05  rate=  .0900
  laminar flow at xstart, transition not possible
  axx= 0.0000E+00  bxx= 0.0000E+00  cxx= 0.0000E+00  dxx= 0.0000E+00
  exx= 0.0000E+00  fxx= 0.0000E+00  gxx= 0.0000E+00
  Stanton number and htc based on (ts-tinf)
  ====================================================

  intg x         rem       cf2       h12       reh        st
     0 1.041E-03 1.783E+01 1.237E-02 2.590E+00 1.784E+01  1.237E-02

    i  y(i)      u(i)      eta       f(eta)    g(eta)    c(eta)       
     1 0.000E+00 0.000E+00 0.000E+00 0.000E+00 0.000E+00  0.000E+00
     2 7.358E-09 9.451E-04 1.897E-04 6.301E-05 6.300E-05  0.000E+00
     3 2.014E-08 2.587E-03 5.194E-04 1.725E-04 1.725E-04  0.000E+00
     4 3.148E-08 4.043E-03 8.117E-04 2.695E-04 2.695E-04  0.000E+00
     5 4.383E-08 5.630E-03 1.130E-03 3.754E-04 3.754E-04  0.000E+00
     6 5.730E-08 7.361E-03 1.478E-03 4.907E-04 4.907E-04  0.000E+00
     7 7.199E-08 9.246E-03 1.856E-03 6.164E-04 6.164E-04  0.000E+00
     8 8.799E-08 1.130E-02 2.269E-03 7.535E-04 7.534E-04  0.000E+00
     9 1.054E-07 1.354E-02 2.719E-03 9.028E-04 9.028E-04  0.000E+00
    10 1.244E-07 1.598E-02 3.209E-03 1.066E-03 1.066E-03  0.000E+00
    11 1.452E-07 1.865E-02 3.744E-03 1.243E-03 1.243E-03  0.000E+00
    12 1.678E-07 2.155E-02 4.326E-03 1.437E-03 1.437E-03  0.000E+00
    13 1.924E-07 2.471E-02 4.961E-03 1.647E-03 1.647E-03  0.000E+00
    14 2.192E-07 2.816E-02 5.653E-03 1.877E-03 1.877E-03  0.000E+00
    15 2.485E-07 3.192E-02 6.408E-03 2.128E-03 2.128E-03  0.000E+00
    16 2.804E-07 3.601E-02 7.230E-03 2.401E-03 2.401E-03  0.000E+00
    17 3.151E-07 4.048E-02 8.126E-03 2.698E-03 2.698E-03  0.000E+00
    18 3.530E-07 4.534E-02 9.103E-03 3.023E-03 3.023E-03  0.000E+00
    19 3.943E-07 5.065E-02 1.017E-02 3.376E-03 3.376E-03  0.000E+00
    20 4.393E-07 5.643E-02 1.133E-02 3.762E-03 3.762E-03  0.000E+00
    21 4.884E-07 6.273E-02 1.259E-02 4.182E-03 4.182E-03  0.000E+00
    22 5.419E-07 6.960E-02 1.397E-02 4.640E-03 4.640E-03  0.000E+00
    23 6.001E-07 7.709E-02 1.548E-02 5.139E-03 5.139E-03  0.000E+00
    24 6.637E-07 8.525E-02 1.712E-02 5.683E-03 5.683E-03  0.000E+00
    25 7.329E-07 9.414E-02 1.890E-02 6.276E-03 6.276E-03  0.000E+00
    26 8.084E-07 1.038E-01 2.085E-02 6.923E-03 6.923E-03  0.000E+00
    27 8.907E-07 1.144E-01 2.297E-02 7.627E-03 7.627E-03  0.000E+00
    28 9.804E-07 1.259E-01 2.528E-02 8.395E-03 8.395E-03  0.000E+00
    29 1.078E-06 1.385E-01 2.780E-02 9.233E-03 9.232E-03  0.000E+00
    30 1.185E-06 1.522E-01 3.055E-02 1.014E-02 1.014E-02  0.000E+00
    31 1.301E-06 1.671E-01 3.355E-02 1.114E-02 1.114E-02  0.000E+00
    32 1.427E-06 1.834E-01 3.681E-02 1.222E-02 1.222E-02  0.000E+00
    33 1.565E-06 2.011E-01 4.037E-02 1.341E-02 1.341E-02  0.000E+00
    34 1.716E-06 2.204E-01 4.425E-02 1.469E-02 1.469E-02  0.000E+00
    35 1.880E-06 2.415E-01 4.848E-02 1.610E-02 1.610E-02  0.000E+00
    36 2.059E-06 2.644E-01 5.309E-02 1.763E-02 1.763E-02  0.000E+00
    37 2.253E-06 2.894E-01 5.811E-02 1.930E-02 1.930E-02  0.000E+00
    38 2.466E-06 3.167E-01 6.359E-02 2.111E-02 2.111E-02  0.000E+00
    39 2.697E-06 3.464E-01 6.955E-02 2.310E-02 2.310E-02  0.000E+00
    40 2.949E-06 3.788E-01 7.606E-02 2.526E-02 2.526E-02  0.000E+00
    41 3.224E-06 4.142E-01 8.315E-02 2.761E-02 2.761E-02  0.000E+00
    42 3.524E-06 4.527E-01 9.088E-02 3.018E-02 3.018E-02  0.000E+00
    43 3.851E-06 4.946E-01 9.930E-02 3.297E-02 3.297E-02  0.000E+00
    44 4.207E-06 5.404E-01 1.085E-01 3.602E-02 3.602E-02  0.000E+00
    45 4.595E-06 5.902E-01 1.185E-01 3.935E-02 3.935E-02  0.000E+00
    46 5.018E-06 6.445E-01 1.294E-01 4.297E-02 4.297E-02  0.000E+00
    47 5.479E-06 7.038E-01 1.413E-01 4.692E-02 4.692E-02  0.000E+00
    48 5.982E-06 7.683E-01 1.543E-01 5.122E-02 5.122E-02  0.000E+00
    49 6.530E-06 8.387E-01 1.684E-01 5.591E-02 5.591E-02  0.000E+00
    50 7.127E-06 9.154E-01 1.838E-01 6.103E-02 6.103E-02  0.000E+00
    51 7.778E-06 9.990E-01 2.006E-01 6.660E-02 6.660E-02  0.000E+00
    52 8.487E-06 1.090E+00 2.189E-01 7.267E-02 7.267E-02  0.000E+00
    53 9.261E-06 1.189E+00 2.388E-01 7.929E-02 7.929E-02  0.000E+00
    54 1.010E-05 1.298E+00 2.606E-01 8.651E-02 8.651E-02  0.000E+00
    55 1.102E-05 1.416E+00 2.843E-01 9.437E-02 9.437E-02  0.000E+00
    56 1.202E-05 1.544E+00 3.101E-01 1.029E-01 1.029E-01  0.000E+00
    57 1.312E-05 1.684E+00 3.382E-01 1.123E-01 1.123E-01  0.000E+00
    58 1.431E-05 1.837E+00 3.689E-01 1.225E-01 1.225E-01  0.000E+00
    59 1.560E-05 2.003E+00 4.024E-01 1.336E-01 1.335E-01  0.000E+00
    60 1.702E-05 2.184E+00 4.388E-01 1.456E-01 1.456E-01  0.000E+00
    61 1.856E-05 2.382E+00 4.786E-01 1.588E-01 1.588E-01  0.000E+00
    62 2.024E-05 2.597E+00 5.219E-01 1.731E-01 1.731E-01  0.000E+00
    63 2.207E-05 2.831E+00 5.691E-01 1.887E-01 1.887E-01  0.000E+00
    64 2.406E-05 3.086E+00 6.206E-01 2.057E-01 2.057E-01  0.000E+00
    65 2.624E-05 3.363E+00 6.767E-01 2.242E-01 2.242E-01  0.000E+00
    66 2.861E-05 3.665E+00 7.378E-01 2.443E-01 2.443E-01  0.000E+00
    67 3.119E-05 3.993E+00 8.045E-01 2.662E-01 2.662E-01  0.000E+00
    68 3.401E-05 4.348E+00 8.771E-01 2.899E-01 2.899E-01  0.000E+00
    69 3.708E-05 4.735E+00 9.563E-01 3.156E-01 3.156E-01  0.000E+00
    70 4.043E-05 5.153E+00 1.043E+00 3.435E-01 3.435E-01  0.000E+00
    71 4.408E-05 5.605E+00 1.137E+00 3.737E-01 3.737E-01  0.000E+00
    72 4.805E-05 6.093E+00 1.239E+00 4.062E-01 4.062E-01  0.000E+00
    73 5.239E-05 6.617E+00 1.351E+00 4.411E-01 4.411E-01  0.000E+00
    74 5.711E-05 7.178E+00 1.473E+00 4.786E-01 4.785E-01  0.000E+00
    75 6.226E-05 7.776E+00 1.606E+00 5.184E-01 5.184E-01  0.000E+00
    76 6.788E-05 8.410E+00 1.750E+00 5.606E-01 5.606E-01  0.000E+00
    77 7.399E-05 9.074E+00 1.908E+00 6.049E-01 6.049E-01  0.000E+00
    78 8.052E-05 9.748E+00 2.076E+00 6.499E-01 6.499E-01  0.000E+00
    79 8.718E-05 1.040E+01 2.248E+00 6.932E-01 6.932E-01  0.000E+00
    80 9.385E-05 1.100E+01 2.420E+00 7.336E-01 7.335E-01  0.000E+00
    81 1.005E-04 1.156E+01 2.592E+00 7.708E-01 7.708E-01  0.000E+00
    82 1.072E-04 1.207E+01 2.764E+00 8.048E-01 8.048E-01  0.000E+00
    83 1.138E-04 1.253E+01 2.936E+00 8.355E-01 8.355E-01  0.000E+00
    84 1.205E-04 1.294E+01 3.108E+00 8.628E-01 8.628E-01  0.000E+00
    85 1.272E-04 1.330E+01 3.280E+00 8.868E-01 8.868E-01  0.000E+00
    86 1.339E-04 1.362E+01 3.452E+00 9.077E-01 9.077E-01  0.000E+00
    87 1.405E-04 1.388E+01 3.624E+00 9.256E-01 9.256E-01  0.000E+00
    88 1.472E-04 1.411E+01 3.796E+00 9.408E-01 9.407E-01  0.000E+00
    89 1.539E-04 1.430E+01 3.968E+00 9.534E-01 9.534E-01  0.000E+00
    90 1.605E-04 1.446E+01 4.140E+00 9.638E-01 9.638E-01  0.000E+00
    91 1.672E-04 1.458E+01 4.311E+00 9.722E-01 9.722E-01  0.000E+00
    92 1.739E-04 1.468E+01 4.483E+00 9.789E-01 9.789E-01  0.000E+00
    93 1.805E-04 1.476E+01 4.655E+00 9.843E-01 9.842E-01  0.000E+00
    94 1.872E-04 1.483E+01 4.827E+00 9.884E-01 9.884E-01  0.000E+00
    95 1.939E-04 1.487E+01 4.999E+00 9.915E-01 9.915E-01  0.000E+00
    96 2.005E-04 1.491E+01 5.171E+00 9.939E-01 9.939E-01  0.000E+00
    97 2.072E-04 1.494E+01 5.343E+00 9.957E-01 9.957E-01  0.000E+00
    98 2.139E-04 1.495E+01 5.515E+00 9.970E-01 9.970E-01  0.000E+00
    99 2.205E-04 1.497E+01 5.687E+00 9.979E-01 9.979E-01  0.000E+00
   100 2.272E-04 1.498E+01 5.859E+00 9.986E-01 9.986E-01  0.000E+00
   101 2.339E-04 1.499E+01 6.031E+00 9.990E-01 9.990E-01  0.000E+00
   102 2.405E-04 1.499E+01 6.203E+00 9.994E-01 9.993E-01  0.000E+00
   103 2.472E-04 1.499E+01 6.375E+00 9.996E-01 9.996E-01  0.000E+00
   104 2.539E-04 1.500E+01 6.547E+00 9.997E-01 9.997E-01  0.000E+00
   105 2.605E-04 1.500E+01 6.719E+00 9.998E-01 9.998E-01  0.000E+00
   106 2.672E-04 1.500E+01 6.890E+00 9.999E-01 9.999E-01  0.000E+00
   107 2.739E-04 1.500E+01 7.062E+00 9.999E-01 9.999E-01  0.000E+00
   108 2.805E-04 1.500E+01 7.234E+00 1.000E+00 9.999E-01  0.000E+00
   109 2.872E-04 1.500E+01 7.406E+00 1.000E+00 1.000E+00  0.000E+00
   110 2.939E-04 1.500E+01 7.578E+00 1.000E+00 1.000E+00  0.000E+00
   111 3.005E-04 1.500E+01 7.750E+00 1.000E+00 1.000E+00  0.000E+00
   112 3.072E-04 1.500E+01 7.922E+00 1.000E+00 1.000E+00  0.000E+00
   113 3.139E-04 1.500E+01 8.094E+00 1.000E+00 1.000E+00  0.000E+00
   114 3.205E-04 1.500E+01 8.266E+00 1.000E+00 1.000E+00  0.000E+00
   115 3.272E-04 1.500E+01 8.438E+00 1.000E+00 1.000E+00  0.000E+00
   116 3.339E-04 1.500E+01 8.610E+00 1.000E+00 1.000E+00  0.000E+00
   117 3.405E-04 1.500E+01 8.782E+00 1.000E+00 1.000E+00  0.000E+00
   118 3.472E-04 1.500E+01 8.954E+00 1.000E+00 1.000E+00  0.000E+00
   119 3.539E-04 1.500E+01 9.126E+00 1.000E+00 1.000E+00  0.000E+00
   120 3.605E-04 1.500E+01 9.298E+00 1.000E+00 1.000E+00  0.000E+00
   121 3.672E-04 1.500E+01 9.469E+00 1.000E+00 1.000E+00  0.000E+00
   122 3.739E-04 1.500E+01 9.641E+00 1.000E+00 1.000E+00  0.000E+00
   123 3.805E-04 1.500E+01 9.813E+00 1.000E+00 1.000E+00  0.000E+00
   124 3.872E-04 1.500E+01 9.985E+00 1.000E+00 1.000E+00  0.000E+00
   125 3.939E-04 1.500E+01 1.016E+01 1.000E+00 1.000E+00  0.000E+00
   126 4.005E-04 1.500E+01 1.033E+01 1.000E+00 1.000E+00  0.000E+00
   127 4.089E-04 1.500E+01 1.054E+01 1.000E+00 1.000E+00  0.000E+00
   128 4.139E-04 1.500E+01 1.067E+01 1.000E+00 1.000E+00  0.000E+00

  intg x         rem       cf2       h12       reh        st
   687 5.000E-02 1.236E+02 1.784E-03 2.590E+00 1.236E+02  1.784E-03

    i  y(i)      u(i)      eta       f(eta)    g(eta)    c(eta)       
     1 0.000E+00 0.000E+00 0.000E+00 0.000E+00 0.000E+00  0.000E+00
     2 4.424E-08 8.196E-04 1.646E-04 5.464E-05 5.464E-05  0.000E+00
     3 1.211E-07 2.243E-03 4.506E-04 1.496E-04 1.496E-04  0.000E+00
     4 1.893E-07 3.506E-03 7.043E-04 2.337E-04 2.337E-04  0.000E+00
     5 2.636E-07 4.883E-03 9.807E-04 3.255E-04 3.255E-04  0.000E+00
     6 3.446E-07 6.383E-03 1.282E-03 4.255E-04 4.255E-04  0.000E+00
     7 4.328E-07 8.019E-03 1.611E-03 5.346E-04 5.346E-04  0.000E+00
     8 5.291E-07 9.801E-03 1.969E-03 6.534E-04 6.534E-04  0.000E+00
     9 6.339E-07 1.174E-02 2.359E-03 7.829E-04 7.829E-04  0.000E+00
    10 7.483E-07 1.386E-02 2.784E-03 9.241E-04 9.241E-04  0.000E+00
    11 8.729E-07 1.617E-02 3.248E-03 1.078E-03 1.078E-03  0.000E+00
    12 1.009E-06 1.869E-02 3.753E-03 1.246E-03 1.246E-03  0.000E+00
    13 1.157E-06 2.143E-02 4.304E-03 1.429E-03 1.429E-03  0.000E+00
    14 1.318E-06 2.442E-02 4.905E-03 1.628E-03 1.628E-03  0.000E+00
    15 1.494E-06 2.768E-02 5.559E-03 1.845E-03 1.845E-03  0.000E+00
    16 1.686E-06 3.123E-02 6.273E-03 2.082E-03 2.082E-03  0.000E+00
    17 1.895E-06 3.510E-02 7.050E-03 2.340E-03 2.340E-03  0.000E+00
    18 2.123E-06 3.932E-02 7.898E-03 2.621E-03 2.621E-03  0.000E+00
    19 2.371E-06 4.392E-02 8.822E-03 2.928E-03 2.928E-03  0.000E+00
    20 2.641E-06 4.894E-02 9.829E-03 3.262E-03 3.262E-03  0.000E+00
    21 2.936E-06 5.440E-02 1.093E-02 3.627E-03 3.627E-03  0.000E+00
    22 3.258E-06 6.036E-02 1.212E-02 4.024E-03 4.024E-03  0.000E+00
    23 3.609E-06 6.685E-02 1.343E-02 4.457E-03 4.457E-03  0.000E+00
    24 3.991E-06 7.393E-02 1.485E-02 4.929E-03 4.928E-03  0.000E+00
    25 4.407E-06 8.164E-02 1.640E-02 5.443E-03 5.443E-03  0.000E+00
    26 4.861E-06 9.005E-02 1.809E-02 6.003E-03 6.003E-03  0.000E+00
    27 5.356E-06 9.922E-02 1.993E-02 6.614E-03 6.614E-03  0.000E+00
    28 5.895E-06 1.092E-01 2.194E-02 7.280E-03 7.280E-03  0.000E+00
    29 6.483E-06 1.201E-01 2.412E-02 8.006E-03 8.006E-03  0.000E+00
    30 7.123E-06 1.320E-01 2.651E-02 8.798E-03 8.798E-03  0.000E+00
    31 7.822E-06 1.449E-01 2.911E-02 9.660E-03 9.660E-03  0.000E+00
    32 8.583E-06 1.590E-01 3.194E-02 1.060E-02 1.060E-02  0.000E+00
    33 9.413E-06 1.744E-01 3.503E-02 1.163E-02 1.163E-02  0.000E+00
    34 1.032E-05 1.911E-01 3.839E-02 1.274E-02 1.274E-02  0.000E+00
    35 1.130E-05 2.094E-01 4.206E-02 1.396E-02 1.396E-02  0.000E+00
    36 1.238E-05 2.293E-01 4.606E-02 1.529E-02 1.529E-02  0.000E+00
    37 1.355E-05 2.510E-01 5.042E-02 1.673E-02 1.673E-02  0.000E+00
    38 1.483E-05 2.747E-01 5.517E-02 1.831E-02 1.831E-02  0.000E+00
    39 1.622E-05 3.004E-01 6.034E-02 2.003E-02 2.003E-02  0.000E+00
    40 1.773E-05 3.285E-01 6.599E-02 2.190E-02 2.190E-02  0.000E+00
    41 1.939E-05 3.592E-01 7.214E-02 2.394E-02 2.394E-02  0.000E+00
    42 2.119E-05 3.925E-01 7.885E-02 2.617E-02 2.617E-02  0.000E+00
    43 2.315E-05 4.289E-01 8.616E-02 2.860E-02 2.860E-02  0.000E+00
    44 2.529E-05 4.686E-01 9.412E-02 3.124E-02 3.124E-02  0.000E+00
    45 2.763E-05 5.118E-01 1.028E-01 3.412E-02 3.412E-02  0.000E+00
    46 3.017E-05 5.590E-01 1.123E-01 3.726E-02 3.726E-02  0.000E+00
    47 3.295E-05 6.103E-01 1.226E-01 4.069E-02 4.069E-02  0.000E+00
    48 3.597E-05 6.663E-01 1.338E-01 4.442E-02 4.442E-02  0.000E+00
    49 3.926E-05 7.273E-01 1.461E-01 4.849E-02 4.849E-02  0.000E+00
    50 4.285E-05 7.938E-01 1.595E-01 5.292E-02 5.292E-02  0.000E+00
    51 4.677E-05 8.663E-01 1.740E-01 5.776E-02 5.776E-02  0.000E+00
    52 5.103E-05 9.454E-01 1.899E-01 6.302E-02 6.302E-02  0.000E+00
    53 5.568E-05 1.031E+00 2.072E-01 6.877E-02 6.877E-02  0.000E+00
    54 6.075E-05 1.125E+00 2.261E-01 7.502E-02 7.502E-02  0.000E+00
    55 6.628E-05 1.228E+00 2.466E-01 8.185E-02 8.184E-02  0.000E+00
    56 7.230E-05 1.339E+00 2.690E-01 8.928E-02 8.928E-02  0.000E+00
    57 7.886E-05 1.461E+00 2.934E-01 9.738E-02 9.738E-02  0.000E+00
    58 8.602E-05 1.593E+00 3.201E-01 1.062E-01 1.062E-01  0.000E+00
    59 9.381E-05 1.737E+00 3.491E-01 1.158E-01 1.158E-01  0.000E+00
    60 1.023E-04 1.895E+00 3.807E-01 1.263E-01 1.263E-01  0.000E+00
    61 1.116E-04 2.066E+00 4.152E-01 1.377E-01 1.377E-01  0.000E+00
    62 1.217E-04 2.253E+00 4.528E-01 1.502E-01 1.502E-01  0.000E+00
    63 1.327E-04 2.456E+00 4.937E-01 1.637E-01 1.637E-01  0.000E+00
    64 1.447E-04 2.677E+00 5.383E-01 1.785E-01 1.785E-01  0.000E+00
    65 1.577E-04 2.918E+00 5.870E-01 1.946E-01 1.946E-01  0.000E+00
    66 1.720E-04 3.181E+00 6.400E-01 2.120E-01 2.120E-01  0.000E+00
    67 1.875E-04 3.466E+00 6.978E-01 2.311E-01 2.311E-01  0.000E+00
    68 2.044E-04 3.776E+00 7.607E-01 2.517E-01 2.517E-01  0.000E+00
    69 2.229E-04 4.113E+00 8.293E-01 2.742E-01 2.742E-01  0.000E+00
    70 2.430E-04 4.478E+00 9.041E-01 2.985E-01 2.985E-01  0.000E+00
    71 2.648E-04 4.874E+00 9.855E-01 3.249E-01 3.249E-01  0.000E+00
    72 2.887E-04 5.303E+00 1.074E+00 3.535E-01 3.535E-01  0.000E+00
    73 3.146E-04 5.765E+00 1.171E+00 3.843E-01 3.843E-01  0.000E+00
    74 3.429E-04 6.263E+00 1.276E+00 4.175E-01 4.175E-01  0.000E+00
    75 3.736E-04 6.796E+00 1.390E+00 4.531E-01 4.531E-01  0.000E+00
    76 4.071E-04 7.366E+00 1.515E+00 4.911E-01 4.911E-01  0.000E+00
    77 4.435E-04 7.970E+00 1.650E+00 5.313E-01 5.313E-01  0.000E+00
    78 4.821E-04 8.592E+00 1.794E+00 5.728E-01 5.728E-01  0.000E+00
    79 5.214E-04 9.202E+00 1.940E+00 6.135E-01 6.135E-01  0.000E+00
    80 5.606E-04 9.783E+00 2.086E+00 6.522E-01 6.522E-01  0.000E+00
    81 5.996E-04 1.033E+01 2.231E+00 6.888E-01 6.888E-01  0.000E+00
    82 6.384E-04 1.085E+01 2.376E+00 7.232E-01 7.232E-01  0.000E+00
    83 6.770E-04 1.133E+01 2.519E+00 7.552E-01 7.552E-01  0.000E+00
    84 7.154E-04 1.177E+01 2.662E+00 7.848E-01 7.848E-01  0.000E+00
    85 7.535E-04 1.218E+01 2.804E+00 8.120E-01 8.119E-01  0.000E+00
    86 7.913E-04 1.255E+01 2.944E+00 8.367E-01 8.367E-01  0.000E+00
    87 8.289E-04 1.289E+01 3.084E+00 8.590E-01 8.590E-01  0.000E+00
    88 8.662E-04 1.319E+01 3.223E+00 8.791E-01 8.791E-01  0.000E+00
    89 9.033E-04 1.345E+01 3.361E+00 8.969E-01 8.969E-01  0.000E+00
    90 9.401E-04 1.369E+01 3.498E+00 9.127E-01 9.127E-01  0.000E+00
    91 9.767E-04 1.390E+01 3.634E+00 9.265E-01 9.265E-01  0.000E+00
    92 1.013E-03 1.408E+01 3.770E+00 9.385E-01 9.385E-01  0.000E+00
    93 1.049E-03 1.423E+01 3.904E+00 9.489E-01 9.489E-01  0.000E+00
    94 1.085E-03 1.437E+01 4.038E+00 9.578E-01 9.578E-01  0.000E+00
    95 1.121E-03 1.448E+01 4.171E+00 9.654E-01 9.654E-01  0.000E+00
    96 1.157E-03 1.458E+01 4.304E+00 9.718E-01 9.718E-01  0.000E+00
    97 1.192E-03 1.466E+01 4.436E+00 9.772E-01 9.772E-01  0.000E+00
    98 1.227E-03 1.472E+01 4.568E+00 9.816E-01 9.816E-01  0.000E+00
    99 1.263E-03 1.478E+01 4.699E+00 9.853E-01 9.853E-01  0.000E+00
   100 1.298E-03 1.483E+01 4.830E+00 9.884E-01 9.884E-01  0.000E+00
   101 1.333E-03 1.486E+01 4.960E+00 9.908E-01 9.908E-01  0.000E+00
   102 1.368E-03 1.489E+01 5.091E+00 9.928E-01 9.928E-01  0.000E+00
   103 1.403E-03 1.492E+01 5.221E+00 9.944E-01 9.944E-01  0.000E+00
   104 1.438E-03 1.494E+01 5.351E+00 9.957E-01 9.957E-01  0.000E+00
   105 1.473E-03 1.495E+01 5.480E+00 9.967E-01 9.967E-01  0.000E+00
   106 1.508E-03 1.496E+01 5.610E+00 9.975E-01 9.975E-01  0.000E+00
   107 1.543E-03 1.497E+01 5.740E+00 9.981E-01 9.981E-01  0.000E+00
   108 1.577E-03 1.498E+01 5.869E+00 9.986E-01 9.986E-01  0.000E+00
   109 1.612E-03 1.498E+01 5.999E+00 9.990E-01 9.990E-01  0.000E+00
   110 1.647E-03 1.499E+01 6.128E+00 9.992E-01 9.992E-01  0.000E+00
   111 1.682E-03 1.499E+01 6.258E+00 9.994E-01 9.994E-01  0.000E+00
   112 1.717E-03 1.499E+01 6.387E+00 9.996E-01 9.996E-01  0.000E+00
   113 1.751E-03 1.500E+01 6.517E+00 9.997E-01 9.997E-01  0.000E+00
   114 1.786E-03 1.500E+01 6.646E+00 9.998E-01 9.998E-01  0.000E+00
   115 1.821E-03 1.500E+01 6.775E+00 9.999E-01 9.999E-01  0.000E+00
   116 1.856E-03 1.500E+01 6.905E+00 9.999E-01 9.999E-01  0.000E+00
   117 1.890E-03 1.500E+01 7.034E+00 9.999E-01 9.999E-01  0.000E+00
   118 1.925E-03 1.500E+01 7.163E+00 1.000E+00 1.000E+00  0.000E+00
   119 1.960E-03 1.500E+01 7.293E+00 1.000E+00 1.000E+00  0.000E+00
   120 1.995E-03 1.500E+01 7.422E+00 1.000E+00 1.000E+00  0.000E+00
   121 2.029E-03 1.500E+01 7.552E+00 1.000E+00 1.000E+00  0.000E+00
   122 2.064E-03 1.500E+01 7.681E+00 1.000E+00 1.000E+00  0.000E+00
   123 2.099E-03 1.500E+01 7.810E+00 1.000E+00 1.000E+00  0.000E+00
   124 2.134E-03 1.500E+01 7.940E+00 1.000E+00 1.000E+00  0.000E+00
   125 2.168E-03 1.500E+01 8.069E+00 1.000E+00 1.000E+00  0.000E+00
   126 2.203E-03 1.500E+01 8.198E+00 1.000E+00 1.000E+00  0.000E+00
   127 2.247E-03 1.500E+01 8.360E+00 1.000E+00 1.000E+00  0.000E+00
   128 2.273E-03 1.500E+01 8.457E+00 1.000E+00 1.000E+00  0.000E+00

  intg x         rem       cf2       h12       reh        st
  1001 1.000E-01 1.748E+02 1.262E-03 2.590E+00 1.748E+02  1.262E-03

    i  y(i)      u(i)      eta       f(eta)    g(eta)    c(eta)       
     1 0.000E+00 0.000E+00 0.000E+00 0.000E+00 0.000E+00  0.000E+00
     2 6.256E-08 8.196E-04 1.646E-04 5.464E-05 5.464E-05  0.000E+00
     3 1.712E-07 2.243E-03 4.505E-04 1.496E-04 1.496E-04  0.000E+00
     4 2.676E-07 3.506E-03 7.041E-04 2.337E-04 2.337E-04  0.000E+00
     5 3.727E-07 4.883E-03 9.806E-04 3.255E-04 3.255E-04  0.000E+00
     6 4.872E-07 6.383E-03 1.282E-03 4.255E-04 4.255E-04  0.000E+00
     7 6.120E-07 8.018E-03 1.610E-03 5.346E-04 5.345E-04  0.000E+00
     8 7.481E-07 9.801E-03 1.968E-03 6.534E-04 6.534E-04  0.000E+00
     9 8.964E-07 1.174E-02 2.359E-03 7.829E-04 7.829E-04  0.000E+00
    10 1.058E-06 1.386E-02 2.784E-03 9.241E-04 9.241E-04  0.000E+00
    11 1.234E-06 1.617E-02 3.248E-03 1.078E-03 1.078E-03  0.000E+00
    12 1.426E-06 1.869E-02 3.753E-03 1.246E-03 1.246E-03  0.000E+00
    13 1.636E-06 2.143E-02 4.304E-03 1.429E-03 1.429E-03  0.000E+00
    14 1.864E-06 2.442E-02 4.904E-03 1.628E-03 1.628E-03  0.000E+00
    15 2.113E-06 2.768E-02 5.559E-03 1.845E-03 1.845E-03  0.000E+00
    16 2.384E-06 3.123E-02 6.272E-03 2.082E-03 2.082E-03  0.000E+00
    17 2.679E-06 3.510E-02 7.049E-03 2.340E-03 2.340E-03  0.000E+00
    18 3.001E-06 3.932E-02 7.897E-03 2.621E-03 2.621E-03  0.000E+00
    19 3.352E-06 4.392E-02 8.821E-03 2.928E-03 2.928E-03  0.000E+00
    20 3.735E-06 4.893E-02 9.828E-03 3.262E-03 3.262E-03  0.000E+00
    21 4.152E-06 5.440E-02 1.093E-02 3.627E-03 3.627E-03  0.000E+00
    22 4.607E-06 6.036E-02 1.212E-02 4.024E-03 4.024E-03  0.000E+00
    23 5.102E-06 6.685E-02 1.343E-02 4.457E-03 4.457E-03  0.000E+00
    24 5.643E-06 7.393E-02 1.485E-02 4.928E-03 4.928E-03  0.000E+00
    25 6.231E-06 8.164E-02 1.640E-02 5.443E-03 5.443E-03  0.000E+00
    26 6.873E-06 9.005E-02 1.808E-02 6.003E-03 6.003E-03  0.000E+00
    27 7.573E-06 9.921E-02 1.993E-02 6.614E-03 6.614E-03  0.000E+00
    28 8.335E-06 1.092E-01 2.193E-02 7.280E-03 7.280E-03  0.000E+00
    29 9.167E-06 1.201E-01 2.412E-02 8.006E-03 8.006E-03  0.000E+00
    30 1.007E-05 1.320E-01 2.650E-02 8.798E-03 8.797E-03  0.000E+00
    31 1.106E-05 1.449E-01 2.910E-02 9.660E-03 9.660E-03  0.000E+00
    32 1.214E-05 1.590E-01 3.193E-02 1.060E-02 1.060E-02  0.000E+00
    33 1.331E-05 1.744E-01 3.502E-02 1.162E-02 1.162E-02  0.000E+00
    34 1.459E-05 1.911E-01 3.838E-02 1.274E-02 1.274E-02  0.000E+00
    35 1.598E-05 2.094E-01 4.205E-02 1.396E-02 1.396E-02  0.000E+00
    36 1.750E-05 2.293E-01 4.605E-02 1.529E-02 1.529E-02  0.000E+00
    37 1.916E-05 2.510E-01 5.041E-02 1.673E-02 1.673E-02  0.000E+00
    38 2.096E-05 2.746E-01 5.516E-02 1.831E-02 1.831E-02  0.000E+00
    39 2.293E-05 3.004E-01 6.034E-02 2.003E-02 2.003E-02  0.000E+00
    40 2.508E-05 3.285E-01 6.598E-02 2.190E-02 2.190E-02  0.000E+00
    41 2.741E-05 3.591E-01 7.213E-02 2.394E-02 2.394E-02  0.000E+00
    42 2.996E-05 3.925E-01 7.883E-02 2.617E-02 2.617E-02  0.000E+00
    43 3.274E-05 4.289E-01 8.614E-02 2.859E-02 2.859E-02  0.000E+00
    44 3.577E-05 4.686E-01 9.411E-02 3.124E-02 3.124E-02  0.000E+00
    45 3.907E-05 5.118E-01 1.028E-01 3.412E-02 3.412E-02  0.000E+00
    46 4.266E-05 5.589E-01 1.123E-01 3.726E-02 3.726E-02  0.000E+00
    47 4.658E-05 6.103E-01 1.226E-01 4.069E-02 4.069E-02  0.000E+00
    48 5.086E-05 6.663E-01 1.338E-01 4.442E-02 4.442E-02  0.000E+00
    49 5.552E-05 7.273E-01 1.461E-01 4.849E-02 4.849E-02  0.000E+00
    50 6.059E-05 7.938E-01 1.594E-01 5.292E-02 5.292E-02  0.000E+00
    51 6.613E-05 8.663E-01 1.740E-01 5.775E-02 5.775E-02  0.000E+00
    52 7.216E-05 9.453E-01 1.899E-01 6.302E-02 6.302E-02  0.000E+00
    53 7.874E-05 1.031E+00 2.072E-01 6.876E-02 6.876E-02  0.000E+00
    54 8.590E-05 1.125E+00 2.260E-01 7.502E-02 7.502E-02  0.000E+00
    55 9.371E-05 1.228E+00 2.466E-01 8.184E-02 8.184E-02  0.000E+00
    56 1.022E-04 1.339E+00 2.690E-01 8.928E-02 8.928E-02  0.000E+00
    57 1.115E-04 1.461E+00 2.934E-01 9.738E-02 9.738E-02  0.000E+00
    58 1.216E-04 1.593E+00 3.200E-01 1.062E-01 1.062E-01  0.000E+00
    59 1.327E-04 1.737E+00 3.490E-01 1.158E-01 1.158E-01  0.000E+00
    60 1.447E-04 1.895E+00 3.807E-01 1.263E-01 1.263E-01  0.000E+00
    61 1.578E-04 2.066E+00 4.151E-01 1.377E-01 1.377E-01  0.000E+00
    62 1.720E-04 2.253E+00 4.527E-01 1.502E-01 1.502E-01  0.000E+00
    63 1.876E-04 2.456E+00 4.936E-01 1.637E-01 1.637E-01  0.000E+00
    64 2.046E-04 2.677E+00 5.383E-01 1.785E-01 1.785E-01  0.000E+00
    65 2.231E-04 2.918E+00 5.869E-01 1.945E-01 1.945E-01  0.000E+00
    66 2.432E-04 3.180E+00 6.399E-01 2.120E-01 2.120E-01  0.000E+00
    67 2.652E-04 3.466E+00 6.977E-01 2.310E-01 2.310E-01  0.000E+00
    68 2.891E-04 3.776E+00 7.606E-01 2.517E-01 2.517E-01  0.000E+00
    69 3.151E-04 4.113E+00 8.292E-01 2.742E-01 2.742E-01  0.000E+00
    70 3.435E-04 4.478E+00 9.039E-01 2.985E-01 2.985E-01  0.000E+00
    71 3.745E-04 4.874E+00 9.853E-01 3.249E-01 3.249E-01  0.000E+00
    72 4.082E-04 5.302E+00 1.074E+00 3.535E-01 3.535E-01  0.000E+00
    73 4.449E-04 5.765E+00 1.171E+00 3.843E-01 3.843E-01  0.000E+00
    74 4.848E-04 6.262E+00 1.276E+00 4.175E-01 4.175E-01  0.000E+00
    75 5.283E-04 6.796E+00 1.390E+00 4.531E-01 4.531E-01  0.000E+00
    76 5.756E-04 7.366E+00 1.515E+00 4.910E-01 4.910E-01  0.000E+00
    77 6.270E-04 7.970E+00 1.650E+00 5.313E-01 5.313E-01  0.000E+00
    78 6.817E-04 8.592E+00 1.794E+00 5.728E-01 5.728E-01  0.000E+00
    79 7.373E-04 9.202E+00 1.940E+00 6.135E-01 6.135E-01  0.000E+00
    80 7.927E-04 9.783E+00 2.086E+00 6.522E-01 6.522E-01  0.000E+00
    81 8.479E-04 1.033E+01 2.231E+00 6.888E-01 6.888E-01  0.000E+00
    82 9.027E-04 1.085E+01 2.375E+00 7.232E-01 7.231E-01  0.000E+00
    83 9.573E-04 1.133E+01 2.519E+00 7.552E-01 7.552E-01  0.000E+00
    84 1.012E-03 1.177E+01 2.661E+00 7.848E-01 7.848E-01  0.000E+00
    85 1.065E-03 1.218E+01 2.803E+00 8.119E-01 8.119E-01  0.000E+00
    86 1.119E-03 1.255E+01 2.944E+00 8.367E-01 8.367E-01  0.000E+00
    87 1.172E-03 1.289E+01 3.084E+00 8.590E-01 8.590E-01  0.000E+00
    88 1.225E-03 1.319E+01 3.223E+00 8.791E-01 8.791E-01  0.000E+00
    89 1.277E-03 1.345E+01 3.361E+00 8.969E-01 8.969E-01  0.000E+00
    90 1.329E-03 1.369E+01 3.498E+00 9.127E-01 9.127E-01  0.000E+00
    91 1.381E-03 1.390E+01 3.634E+00 9.265E-01 9.265E-01  0.000E+00
    92 1.432E-03 1.408E+01 3.769E+00 9.385E-01 9.385E-01  0.000E+00
    93 1.484E-03 1.423E+01 3.904E+00 9.489E-01 9.489E-01  0.000E+00
    94 1.534E-03 1.437E+01 4.037E+00 9.578E-01 9.578E-01  0.000E+00
    95 1.585E-03 1.448E+01 4.171E+00 9.654E-01 9.654E-01  0.000E+00
    96 1.635E-03 1.458E+01 4.303E+00 9.718E-01 9.718E-01  0.000E+00
    97 1.686E-03 1.466E+01 4.435E+00 9.771E-01 9.771E-01  0.000E+00
    98 1.736E-03 1.472E+01 4.567E+00 9.816E-01 9.816E-01  0.000E+00
    99 1.786E-03 1.478E+01 4.698E+00 9.853E-01 9.853E-01  0.000E+00
   100 1.835E-03 1.483E+01 4.829E+00 9.884E-01 9.884E-01  0.000E+00
   101 1.885E-03 1.486E+01 4.959E+00 9.908E-01 9.908E-01  0.000E+00
   102 1.934E-03 1.489E+01 5.090E+00 9.928E-01 9.928E-01  0.000E+00
   103 1.984E-03 1.492E+01 5.220E+00 9.944E-01 9.944E-01  0.000E+00
   104 2.033E-03 1.494E+01 5.350E+00 9.957E-01 9.957E-01  0.000E+00
   105 2.083E-03 1.495E+01 5.479E+00 9.967E-01 9.967E-01  0.000E+00
   106 2.132E-03 1.496E+01 5.609E+00 9.975E-01 9.975E-01  0.000E+00
   107 2.181E-03 1.497E+01 5.739E+00 9.981E-01 9.981E-01  0.000E+00
   108 2.230E-03 1.498E+01 5.868E+00 9.986E-01 9.986E-01  0.000E+00
   109 2.280E-03 1.498E+01 5.998E+00 9.990E-01 9.990E-01  0.000E+00
   110 2.329E-03 1.499E+01 6.127E+00 9.992E-01 9.992E-01  0.000E+00
   111 2.378E-03 1.499E+01 6.257E+00 9.994E-01 9.994E-01  0.000E+00
   112 2.427E-03 1.499E+01 6.386E+00 9.996E-01 9.996E-01  0.000E+00
   113 2.476E-03 1.500E+01 6.515E+00 9.997E-01 9.997E-01  0.000E+00
   114 2.525E-03 1.500E+01 6.645E+00 9.998E-01 9.998E-01  0.000E+00
   115 2.575E-03 1.500E+01 6.774E+00 9.999E-01 9.999E-01  0.000E+00
   116 2.624E-03 1.500E+01 6.904E+00 9.999E-01 9.999E-01  0.000E+00
   117 2.673E-03 1.500E+01 7.033E+00 9.999E-01 9.999E-01  0.000E+00
   118 2.722E-03 1.500E+01 7.162E+00 1.000E+00 1.000E+00  0.000E+00
   119 2.771E-03 1.500E+01 7.292E+00 1.000E+00 1.000E+00  0.000E+00
   120 2.820E-03 1.500E+01 7.421E+00 1.000E+00 1.000E+00  0.000E+00
   121 2.870E-03 1.500E+01 7.550E+00 1.000E+00 1.000E+00  0.000E+00
   122 2.919E-03 1.500E+01 7.680E+00 1.000E+00 1.000E+00  0.000E+00
   123 2.968E-03 1.500E+01 7.809E+00 1.000E+00 1.000E+00  0.000E+00
   124 3.017E-03 1.500E+01 7.938E+00 1.000E+00 1.000E+00  0.000E+00
   125 3.066E-03 1.500E+01 8.068E+00 1.000E+00 1.000E+00  0.000E+00
   126 3.115E-03 1.500E+01 8.197E+00 1.000E+00 1.000E+00  0.000E+00
   127 3.177E-03 1.500E+01 8.359E+00 1.000E+00 1.000E+00  0.000E+00
   128 3.214E-03 1.500E+01 8.456E+00 1.000E+00 1.000E+00  0.000E+00

  intg x         rem       cf2       h12       reh        st
  1242 1.500E-01 2.141E+02 1.030E-03 2.590E+00 2.141E+02  1.030E-03

    i  y(i)      u(i)      eta       f(eta)    g(eta)    c(eta)       
     1 0.000E+00 0.000E+00 0.000E+00 0.000E+00 0.000E+00  0.000E+00
     2 7.661E-08 8.195E-04 1.646E-04 5.464E-05 5.464E-05  0.000E+00
     3 2.097E-07 2.243E-03 4.505E-04 1.496E-04 1.496E-04  0.000E+00
     4 3.277E-07 3.506E-03 7.041E-04 2.337E-04 2.337E-04  0.000E+00
     5 4.564E-07 4.883E-03 9.805E-04 3.255E-04 3.255E-04  0.000E+00
     6 5.967E-07 6.383E-03 1.282E-03 4.255E-04 4.255E-04  0.000E+00
     7 7.495E-07 8.018E-03 1.610E-03 5.345E-04 5.345E-04  0.000E+00
     8 9.161E-07 9.801E-03 1.968E-03 6.534E-04 6.534E-04  0.000E+00
     9 1.098E-06 1.174E-02 2.358E-03 7.829E-04 7.829E-04  0.000E+00
    10 1.296E-06 1.386E-02 2.784E-03 9.241E-04 9.241E-04  0.000E+00
    11 1.512E-06 1.617E-02 3.247E-03 1.078E-03 1.078E-03  0.000E+00
    12 1.747E-06 1.869E-02 3.753E-03 1.246E-03 1.246E-03  0.000E+00
    13 2.003E-06 2.143E-02 4.303E-03 1.429E-03 1.429E-03  0.000E+00
    14 2.283E-06 2.442E-02 4.904E-03 1.628E-03 1.628E-03  0.000E+00
    15 2.587E-06 2.768E-02 5.558E-03 1.845E-03 1.845E-03  0.000E+00
    16 2.919E-06 3.123E-02 6.271E-03 2.082E-03 2.082E-03  0.000E+00
    17 3.281E-06 3.510E-02 7.049E-03 2.340E-03 2.340E-03  0.000E+00
    18 3.676E-06 3.932E-02 7.896E-03 2.621E-03 2.621E-03  0.000E+00
    19 4.106E-06 4.392E-02 8.820E-03 2.928E-03 2.928E-03  0.000E+00
    20 4.574E-06 4.893E-02 9.827E-03 3.262E-03 3.262E-03  0.000E+00
    21 5.085E-06 5.440E-02 1.092E-02 3.627E-03 3.627E-03  0.000E+00
    22 5.642E-06 6.036E-02 1.212E-02 4.024E-03 4.024E-03  0.000E+00
    23 6.249E-06 6.685E-02 1.342E-02 4.457E-03 4.457E-03  0.000E+00
    24 6.910E-06 7.393E-02 1.485E-02 4.928E-03 4.928E-03  0.000E+00
    25 7.631E-06 8.164E-02 1.639E-02 5.443E-03 5.443E-03  0.000E+00
    26 8.417E-06 9.005E-02 1.808E-02 6.003E-03 6.003E-03  0.000E+00
    27 9.274E-06 9.921E-02 1.992E-02 6.614E-03 6.614E-03  0.000E+00
    28 1.021E-05 1.092E-01 2.193E-02 7.280E-03 7.280E-03  0.000E+00
    29 1.123E-05 1.201E-01 2.412E-02 8.006E-03 8.006E-03  0.000E+00
    30 1.234E-05 1.320E-01 2.650E-02 8.797E-03 8.797E-03  0.000E+00
    31 1.354E-05 1.449E-01 2.910E-02 9.660E-03 9.660E-03  0.000E+00
    32 1.486E-05 1.590E-01 3.193E-02 1.060E-02 1.060E-02  0.000E+00
    33 1.630E-05 1.744E-01 3.502E-02 1.162E-02 1.162E-02  0.000E+00
    34 1.787E-05 1.911E-01 3.838E-02 1.274E-02 1.274E-02  0.000E+00
    35 1.957E-05 2.094E-01 4.205E-02 1.396E-02 1.396E-02  0.000E+00
    36 2.143E-05 2.293E-01 4.605E-02 1.529E-02 1.529E-02  0.000E+00
    37 2.346E-05 2.510E-01 5.040E-02 1.673E-02 1.673E-02  0.000E+00
    38 2.567E-05 2.746E-01 5.515E-02 1.831E-02 1.831E-02  0.000E+00
    39 2.808E-05 3.004E-01 6.033E-02 2.003E-02 2.003E-02  0.000E+00
    40 3.071E-05 3.285E-01 6.597E-02 2.190E-02 2.190E-02  0.000E+00
    41 3.357E-05 3.591E-01 7.212E-02 2.394E-02 2.394E-02  0.000E+00
    42 3.669E-05 3.925E-01 7.883E-02 2.617E-02 2.617E-02  0.000E+00
    43 4.009E-05 4.289E-01 8.614E-02 2.859E-02 2.859E-02  0.000E+00
    44 4.380E-05 4.686E-01 9.410E-02 3.124E-02 3.124E-02  0.000E+00
    45 4.784E-05 5.118E-01 1.028E-01 3.412E-02 3.412E-02  0.000E+00
    46 5.225E-05 5.589E-01 1.122E-01 3.726E-02 3.726E-02  0.000E+00
    47 5.705E-05 6.103E-01 1.226E-01 4.069E-02 4.069E-02  0.000E+00
    48 6.228E-05 6.663E-01 1.338E-01 4.442E-02 4.442E-02  0.000E+00
    49 6.799E-05 7.273E-01 1.461E-01 4.849E-02 4.849E-02  0.000E+00
    50 7.421E-05 7.938E-01 1.594E-01 5.292E-02 5.292E-02  0.000E+00
    51 8.098E-05 8.663E-01 1.740E-01 5.775E-02 5.775E-02  0.000E+00
    52 8.837E-05 9.453E-01 1.899E-01 6.302E-02 6.302E-02  0.000E+00
    53 9.642E-05 1.031E+00 2.072E-01 6.876E-02 6.876E-02  0.000E+00
    54 1.052E-04 1.125E+00 2.260E-01 7.502E-02 7.502E-02  0.000E+00
    55 1.148E-04 1.228E+00 2.466E-01 8.184E-02 8.184E-02  0.000E+00
    56 1.252E-04 1.339E+00 2.690E-01 8.928E-02 8.928E-02  0.000E+00
    57 1.366E-04 1.461E+00 2.934E-01 9.738E-02 9.738E-02  0.000E+00
    58 1.490E-04 1.593E+00 3.200E-01 1.062E-01 1.062E-01  0.000E+00
    59 1.625E-04 1.737E+00 3.490E-01 1.158E-01 1.158E-01  0.000E+00
    60 1.772E-04 1.895E+00 3.806E-01 1.263E-01 1.263E-01  0.000E+00
    61 1.932E-04 2.066E+00 4.151E-01 1.377E-01 1.377E-01  0.000E+00
    62 2.107E-04 2.253E+00 4.527E-01 1.502E-01 1.502E-01  0.000E+00
    63 2.298E-04 2.456E+00 4.936E-01 1.637E-01 1.637E-01  0.000E+00
    64 2.505E-04 2.677E+00 5.382E-01 1.785E-01 1.785E-01  0.000E+00
    65 2.732E-04 2.918E+00 5.869E-01 1.945E-01 1.945E-01  0.000E+00
    66 2.978E-04 3.180E+00 6.399E-01 2.120E-01 2.120E-01  0.000E+00
    67 3.247E-04 3.466E+00 6.976E-01 2.310E-01 2.310E-01  0.000E+00
    68 3.540E-04 3.776E+00 7.606E-01 2.517E-01 2.517E-01  0.000E+00
    69 3.859E-04 4.113E+00 8.291E-01 2.742E-01 2.742E-01  0.000E+00
    70 4.207E-04 4.478E+00 9.039E-01 2.985E-01 2.985E-01  0.000E+00
    71 4.586E-04 4.874E+00 9.853E-01 3.249E-01 3.249E-01  0.000E+00
    72 4.999E-04 5.302E+00 1.074E+00 3.535E-01 3.535E-01  0.000E+00
    73 5.448E-04 5.765E+00 1.170E+00 3.843E-01 3.843E-01  0.000E+00
    74 5.938E-04 6.262E+00 1.276E+00 4.175E-01 4.175E-01  0.000E+00
    75 6.470E-04 6.796E+00 1.390E+00 4.531E-01 4.531E-01  0.000E+00
    76 7.049E-04 7.366E+00 1.514E+00 4.910E-01 4.910E-01  0.000E+00
    77 7.679E-04 7.970E+00 1.650E+00 5.313E-01 5.313E-01  0.000E+00
    78 8.348E-04 8.592E+00 1.794E+00 5.728E-01 5.728E-01  0.000E+00
    79 9.030E-04 9.202E+00 1.940E+00 6.135E-01 6.135E-01  0.000E+00
    80 9.708E-04 9.783E+00 2.086E+00 6.522E-01 6.522E-01  0.000E+00
    81 1.038E-03 1.033E+01 2.231E+00 6.888E-01 6.888E-01  0.000E+00
    82 1.106E-03 1.085E+01 2.375E+00 7.231E-01 7.231E-01  0.000E+00
    83 1.172E-03 1.133E+01 2.519E+00 7.552E-01 7.552E-01  0.000E+00
    84 1.239E-03 1.177E+01 2.661E+00 7.848E-01 7.848E-01  0.000E+00
    85 1.305E-03 1.218E+01 2.803E+00 8.119E-01 8.119E-01  0.000E+00
    86 1.370E-03 1.255E+01 2.944E+00 8.367E-01 8.367E-01  0.000E+00
    87 1.435E-03 1.289E+01 3.084E+00 8.590E-01 8.590E-01  0.000E+00
    88 1.500E-03 1.319E+01 3.222E+00 8.791E-01 8.791E-01  0.000E+00
    89 1.564E-03 1.345E+01 3.360E+00 8.969E-01 8.969E-01  0.000E+00
    90 1.628E-03 1.369E+01 3.497E+00 9.127E-01 9.127E-01  0.000E+00
    91 1.691E-03 1.390E+01 3.634E+00 9.265E-01 9.265E-01  0.000E+00
    92 1.754E-03 1.408E+01 3.769E+00 9.385E-01 9.385E-01  0.000E+00
    93 1.817E-03 1.423E+01 3.903E+00 9.489E-01 9.489E-01  0.000E+00
    94 1.879E-03 1.437E+01 4.037E+00 9.578E-01 9.578E-01  0.000E+00
    95 1.941E-03 1.448E+01 4.170E+00 9.654E-01 9.654E-01  0.000E+00
    96 2.003E-03 1.458E+01 4.303E+00 9.718E-01 9.718E-01  0.000E+00
    97 2.064E-03 1.466E+01 4.435E+00 9.771E-01 9.771E-01  0.000E+00
    98 2.126E-03 1.472E+01 4.566E+00 9.816E-01 9.816E-01  0.000E+00
    99 2.187E-03 1.478E+01 4.698E+00 9.853E-01 9.853E-01  0.000E+00
   100 2.248E-03 1.483E+01 4.828E+00 9.884E-01 9.884E-01  0.000E+00
   101 2.308E-03 1.486E+01 4.959E+00 9.908E-01 9.908E-01  0.000E+00
   102 2.369E-03 1.489E+01 5.089E+00 9.928E-01 9.928E-01  0.000E+00
   103 2.429E-03 1.492E+01 5.219E+00 9.944E-01 9.944E-01  0.000E+00
   104 2.490E-03 1.494E+01 5.349E+00 9.957E-01 9.957E-01  0.000E+00
   105 2.550E-03 1.495E+01 5.479E+00 9.967E-01 9.967E-01  0.000E+00
   106 2.611E-03 1.496E+01 5.609E+00 9.975E-01 9.975E-01  0.000E+00
   107 2.671E-03 1.497E+01 5.738E+00 9.981E-01 9.981E-01  0.000E+00
   108 2.731E-03 1.498E+01 5.868E+00 9.986E-01 9.986E-01  0.000E+00
   109 2.792E-03 1.498E+01 5.997E+00 9.990E-01 9.990E-01  0.000E+00
   110 2.852E-03 1.499E+01 6.127E+00 9.992E-01 9.992E-01  0.000E+00
   111 2.912E-03 1.499E+01 6.256E+00 9.994E-01 9.994E-01  0.000E+00
   112 2.972E-03 1.499E+01 6.386E+00 9.996E-01 9.996E-01  0.000E+00
   113 3.033E-03 1.500E+01 6.515E+00 9.997E-01 9.997E-01  0.000E+00
   114 3.093E-03 1.500E+01 6.644E+00 9.998E-01 9.998E-01  0.000E+00
   115 3.153E-03 1.500E+01 6.774E+00 9.999E-01 9.999E-01  0.000E+00
   116 3.213E-03 1.500E+01 6.903E+00 9.999E-01 9.999E-01  0.000E+00
   117 3.273E-03 1.500E+01 7.032E+00 9.999E-01 9.999E-01  0.000E+00
   118 3.334E-03 1.500E+01 7.162E+00 1.000E+00 1.000E+00  0.000E+00
   119 3.394E-03 1.500E+01 7.291E+00 1.000E+00 1.000E+00  0.000E+00
   120 3.454E-03 1.500E+01 7.420E+00 1.000E+00 1.000E+00  0.000E+00
   121 3.514E-03 1.500E+01 7.550E+00 1.000E+00 1.000E+00  0.000E+00
   122 3.574E-03 1.500E+01 7.679E+00 1.000E+00 1.000E+00  0.000E+00
   123 3.635E-03 1.500E+01 7.808E+00 1.000E+00 1.000E+00  0.000E+00
   124 3.695E-03 1.500E+01 7.938E+00 1.000E+00 1.000E+00  0.000E+00
   125 3.755E-03 1.500E+01 8.067E+00 1.000E+00 1.000E+00  0.000E+00
   126 3.815E-03 1.500E+01 8.196E+00 1.000E+00 1.000E+00  0.000E+00
   127 3.890E-03 1.500E+01 8.358E+00 1.000E+00 1.000E+00  0.000E+00
   128 3.936E-03 1.500E+01 8.455E+00 1.000E+00 1.000E+00  0.000E+00

  intg x         rem       cf2       h12       reh        st
  1445 2.000E-01 2.472E+02 8.922E-04 2.590E+00 2.472E+02  8.922E-04

    i  y(i)      u(i)      eta       f(eta)    g(eta)    c(eta)       
     1 0.000E+00 0.000E+00 0.000E+00 0.000E+00 0.000E+00  0.000E+00
     2 8.846E-08 8.195E-04 1.646E-04 5.464E-05 5.464E-05  0.000E+00
     3 2.421E-07 2.243E-03 4.505E-04 1.496E-04 1.496E-04  0.000E+00
     4 3.784E-07 3.506E-03 7.041E-04 2.337E-04 2.337E-04  0.000E+00
     5 5.270E-07 4.883E-03 9.805E-04 3.255E-04 3.255E-04  0.000E+00
     6 6.889E-07 6.383E-03 1.282E-03 4.255E-04 4.255E-04  0.000E+00
     7 8.654E-07 8.018E-03 1.610E-03 5.345E-04 5.345E-04  0.000E+00
     8 1.058E-06 9.801E-03 1.968E-03 6.534E-04 6.534E-04  0.000E+00
     9 1.268E-06 1.174E-02 2.358E-03 7.829E-04 7.829E-04  0.000E+00
    10 1.496E-06 1.386E-02 2.784E-03 9.241E-04 9.241E-04  0.000E+00
    11 1.745E-06 1.617E-02 3.247E-03 1.078E-03 1.078E-03  0.000E+00
    12 2.017E-06 1.869E-02 3.752E-03 1.246E-03 1.246E-03  0.000E+00
    13 2.313E-06 2.143E-02 4.303E-03 1.429E-03 1.429E-03  0.000E+00
    14 2.636E-06 2.442E-02 4.904E-03 1.628E-03 1.628E-03  0.000E+00
    15 2.987E-06 2.768E-02 5.558E-03 1.845E-03 1.845E-03  0.000E+00
    16 3.371E-06 3.123E-02 6.271E-03 2.082E-03 2.082E-03  0.000E+00
    17 3.788E-06 3.510E-02 7.049E-03 2.340E-03 2.340E-03  0.000E+00
    18 4.244E-06 3.932E-02 7.896E-03 2.621E-03 2.621E-03  0.000E+00
    19 4.740E-06 4.392E-02 8.820E-03 2.928E-03 2.928E-03  0.000E+00
    20 5.282E-06 4.893E-02 9.826E-03 3.262E-03 3.262E-03  0.000E+00
    21 5.871E-06 5.440E-02 1.092E-02 3.627E-03 3.627E-03  0.000E+00
    22 6.514E-06 6.036E-02 1.212E-02 4.024E-03 4.024E-03  0.000E+00
    23 7.215E-06 6.685E-02 1.342E-02 4.457E-03 4.457E-03  0.000E+00
    24 7.979E-06 7.393E-02 1.485E-02 4.928E-03 4.928E-03  0.000E+00
    25 8.812E-06 8.164E-02 1.639E-02 5.443E-03 5.443E-03  0.000E+00
    26 9.719E-06 9.005E-02 1.808E-02 6.003E-03 6.003E-03  0.000E+00
    27 1.071E-05 9.921E-02 1.992E-02 6.614E-03 6.614E-03  0.000E+00
    28 1.179E-05 1.092E-01 2.193E-02 7.280E-03 7.280E-03  0.000E+00
    29 1.296E-05 1.201E-01 2.412E-02 8.006E-03 8.006E-03  0.000E+00
    30 1.424E-05 1.320E-01 2.650E-02 8.797E-03 8.797E-03  0.000E+00
    31 1.564E-05 1.449E-01 2.910E-02 9.660E-03 9.660E-03  0.000E+00
    32 1.716E-05 1.590E-01 3.193E-02 1.060E-02 1.060E-02  0.000E+00
    33 1.882E-05 1.744E-01 3.502E-02 1.162E-02 1.162E-02  0.000E+00
    34 2.063E-05 1.911E-01 3.838E-02 1.274E-02 1.274E-02  0.000E+00
    35 2.260E-05 2.094E-01 4.205E-02 1.396E-02 1.396E-02  0.000E+00
    36 2.475E-05 2.293E-01 4.605E-02 1.529E-02 1.529E-02  0.000E+00
    37 2.709E-05 2.510E-01 5.040E-02 1.673E-02 1.673E-02  0.000E+00
    38 2.964E-05 2.746E-01 5.515E-02 1.831E-02 1.831E-02  0.000E+00
    39 3.243E-05 3.004E-01 6.033E-02 2.003E-02 2.003E-02  0.000E+00
    40 3.546E-05 3.285E-01 6.597E-02 2.190E-02 2.190E-02  0.000E+00
    41 3.876E-05 3.591E-01 7.212E-02 2.394E-02 2.394E-02  0.000E+00
    42 4.237E-05 3.925E-01 7.883E-02 2.617E-02 2.617E-02  0.000E+00
    43 4.629E-05 4.289E-01 8.613E-02 2.859E-02 2.859E-02  0.000E+00
    44 5.058E-05 4.686E-01 9.410E-02 3.124E-02 3.124E-02  0.000E+00
    45 5.524E-05 5.118E-01 1.028E-01 3.412E-02 3.412E-02  0.000E+00
    46 6.033E-05 5.589E-01 1.122E-01 3.726E-02 3.726E-02  0.000E+00
    47 6.587E-05 6.103E-01 1.226E-01 4.069E-02 4.069E-02  0.000E+00
    48 7.192E-05 6.663E-01 1.338E-01 4.442E-02 4.442E-02  0.000E+00
    49 7.850E-05 7.273E-01 1.461E-01 4.849E-02 4.849E-02  0.000E+00
    50 8.568E-05 7.938E-01 1.594E-01 5.292E-02 5.292E-02  0.000E+00
    51 9.351E-05 8.663E-01 1.740E-01 5.775E-02 5.775E-02  0.000E+00
    52 1.020E-04 9.453E-01 1.898E-01 6.302E-02 6.302E-02  0.000E+00
    53 1.113E-04 1.031E+00 2.071E-01 6.876E-02 6.876E-02  0.000E+00
    54 1.215E-04 1.125E+00 2.260E-01 7.502E-02 7.502E-02  0.000E+00
    55 1.325E-04 1.228E+00 2.466E-01 8.184E-02 8.184E-02  0.000E+00
    56 1.446E-04 1.339E+00 2.690E-01 8.928E-02 8.928E-02  0.000E+00
    57 1.577E-04 1.461E+00 2.934E-01 9.738E-02 9.738E-02  0.000E+00
    58 1.720E-04 1.593E+00 3.200E-01 1.062E-01 1.062E-01  0.000E+00
    59 1.876E-04 1.737E+00 3.490E-01 1.158E-01 1.158E-01  0.000E+00
    60 2.046E-04 1.895E+00 3.806E-01 1.263E-01 1.263E-01  0.000E+00
    61 2.231E-04 2.066E+00 4.151E-01 1.377E-01 1.377E-01  0.000E+00
    62 2.433E-04 2.253E+00 4.526E-01 1.502E-01 1.502E-01  0.000E+00
    63 2.653E-04 2.456E+00 4.936E-01 1.637E-01 1.637E-01  0.000E+00
    64 2.893E-04 2.677E+00 5.382E-01 1.785E-01 1.785E-01  0.000E+00
    65 3.154E-04 2.918E+00 5.868E-01 1.945E-01 1.945E-01  0.000E+00
    66 3.439E-04 3.180E+00 6.398E-01 2.120E-01 2.120E-01  0.000E+00
    67 3.749E-04 3.466E+00 6.976E-01 2.310E-01 2.310E-01  0.000E+00
    68 4.088E-04 3.776E+00 7.605E-01 2.517E-01 2.517E-01  0.000E+00
    69 4.456E-04 4.113E+00 8.291E-01 2.742E-01 2.742E-01  0.000E+00
    70 4.858E-04 4.478E+00 9.038E-01 2.985E-01 2.985E-01  0.000E+00
    71 5.295E-04 4.874E+00 9.852E-01 3.249E-01 3.249E-01  0.000E+00
    72 5.772E-04 5.302E+00 1.074E+00 3.535E-01 3.535E-01  0.000E+00
    73 6.291E-04 5.765E+00 1.170E+00 3.843E-01 3.843E-01  0.000E+00
    74 6.856E-04 6.262E+00 1.276E+00 4.175E-01 4.175E-01  0.000E+00
    75 7.471E-04 6.796E+00 1.390E+00 4.531E-01 4.531E-01  0.000E+00
    76 8.140E-04 7.366E+00 1.514E+00 4.910E-01 4.910E-01  0.000E+00
    77 8.867E-04 7.970E+00 1.650E+00 5.313E-01 5.313E-01  0.000E+00
    78 9.639E-04 8.592E+00 1.793E+00 5.728E-01 5.728E-01  0.000E+00
    79 1.043E-03 9.202E+00 1.940E+00 6.135E-01 6.135E-01  0.000E+00
    80 1.121E-03 9.783E+00 2.086E+00 6.522E-01 6.522E-01  0.000E+00
    81 1.199E-03 1.033E+01 2.231E+00 6.888E-01 6.888E-01  0.000E+00
    82 1.277E-03 1.085E+01 2.375E+00 7.231E-01 7.231E-01  0.000E+00
    83 1.354E-03 1.133E+01 2.519E+00 7.552E-01 7.552E-01  0.000E+00
    84 1.430E-03 1.177E+01 2.661E+00 7.848E-01 7.848E-01  0.000E+00
    85 1.506E-03 1.218E+01 2.803E+00 8.119E-01 8.119E-01  0.000E+00
    86 1.582E-03 1.255E+01 2.944E+00 8.367E-01 8.367E-01  0.000E+00
    87 1.657E-03 1.289E+01 3.083E+00 8.590E-01 8.590E-01  0.000E+00
    88 1.732E-03 1.319E+01 3.222E+00 8.791E-01 8.791E-01  0.000E+00
    89 1.806E-03 1.345E+01 3.360E+00 8.969E-01 8.969E-01  0.000E+00
    90 1.880E-03 1.369E+01 3.497E+00 9.127E-01 9.127E-01  0.000E+00
    91 1.953E-03 1.390E+01 3.633E+00 9.265E-01 9.265E-01  0.000E+00
    92 2.026E-03 1.408E+01 3.769E+00 9.385E-01 9.385E-01  0.000E+00
    93 2.098E-03 1.423E+01 3.903E+00 9.489E-01 9.489E-01  0.000E+00
    94 2.170E-03 1.437E+01 4.037E+00 9.578E-01 9.578E-01  0.000E+00
    95 2.241E-03 1.448E+01 4.170E+00 9.654E-01 9.654E-01  0.000E+00
    96 2.313E-03 1.458E+01 4.303E+00 9.718E-01 9.718E-01  0.000E+00
    97 2.384E-03 1.466E+01 4.435E+00 9.771E-01 9.771E-01  0.000E+00
    98 2.454E-03 1.472E+01 4.566E+00 9.816E-01 9.816E-01  0.000E+00
    99 2.525E-03 1.478E+01 4.697E+00 9.853E-01 9.853E-01  0.000E+00
   100 2.595E-03 1.483E+01 4.828E+00 9.884E-01 9.884E-01  0.000E+00
   101 2.665E-03 1.486E+01 4.959E+00 9.908E-01 9.908E-01  0.000E+00
   102 2.735E-03 1.489E+01 5.089E+00 9.928E-01 9.928E-01  0.000E+00
   103 2.805E-03 1.492E+01 5.219E+00 9.944E-01 9.944E-01  0.000E+00
   104 2.875E-03 1.494E+01 5.349E+00 9.957E-01 9.957E-01  0.000E+00
   105 2.945E-03 1.495E+01 5.479E+00 9.967E-01 9.967E-01  0.000E+00
   106 3.014E-03 1.496E+01 5.609E+00 9.975E-01 9.975E-01  0.000E+00
   107 3.084E-03 1.497E+01 5.738E+00 9.981E-01 9.981E-01  0.000E+00
   108 3.154E-03 1.498E+01 5.868E+00 9.986E-01 9.986E-01  0.000E+00
   109 3.223E-03 1.498E+01 5.997E+00 9.990E-01 9.990E-01  0.000E+00
   110 3.293E-03 1.499E+01 6.127E+00 9.992E-01 9.992E-01  0.000E+00
   111 3.362E-03 1.499E+01 6.256E+00 9.994E-01 9.994E-01  0.000E+00
   112 3.432E-03 1.499E+01 6.385E+00 9.996E-01 9.996E-01  0.000E+00
   113 3.502E-03 1.500E+01 6.515E+00 9.997E-01 9.997E-01  0.000E+00
   114 3.571E-03 1.500E+01 6.644E+00 9.998E-01 9.998E-01  0.000E+00
   115 3.641E-03 1.500E+01 6.773E+00 9.999E-01 9.999E-01  0.000E+00
   116 3.710E-03 1.500E+01 6.903E+00 9.999E-01 9.999E-01  0.000E+00
   117 3.780E-03 1.500E+01 7.032E+00 9.999E-01 9.999E-01  0.000E+00
   118 3.849E-03 1.500E+01 7.161E+00 1.000E+00 1.000E+00  0.000E+00
   119 3.919E-03 1.500E+01 7.291E+00 1.000E+00 1.000E+00  0.000E+00
   120 3.988E-03 1.500E+01 7.420E+00 1.000E+00 1.000E+00  0.000E+00
   121 4.058E-03 1.500E+01 7.549E+00 1.000E+00 1.000E+00  0.000E+00
   122 4.127E-03 1.500E+01 7.679E+00 1.000E+00 1.000E+00  0.000E+00
   123 4.197E-03 1.500E+01 7.808E+00 1.000E+00 1.000E+00  0.000E+00
   124 4.266E-03 1.500E+01 7.937E+00 1.000E+00 1.000E+00  0.000E+00
   125 4.336E-03 1.500E+01 8.067E+00 1.000E+00 1.000E+00  0.000E+00
   126 4.405E-03 1.500E+01 8.196E+00 1.000E+00 1.000E+00  0.000E+00
   127 4.492E-03 1.500E+01 8.358E+00 1.000E+00 1.000E+00  0.000E+00
   128 4.544E-03 1.500E+01 8.455E+00 1.000E+00 1.000E+00  0.000E+00
