   s200_5.dat, turb ml, flat plate, Ts(x)                                  
   scaling factor for x/s, s=  1.0000E+00
   constant props, csubp =  1005.00 htc based on (ts-tinf)
        intg  x/s            htc         qflux       ts          tinf
           5  2.0031937E-01  5.5312E+01 -2.7656E+02  2.9500E+02  3.0000E+02
          50  2.0525905E-01  5.6081E+01 -2.8041E+02  2.9500E+02  3.0000E+02
         100  2.2173304E-01  5.5795E+01 -2.7898E+02  2.9500E+02  3.0000E+02
         150  2.3897634E-01  5.4157E+01 -2.7078E+02  2.9500E+02  3.0000E+02
         200  2.5702473E-01  5.2577E+01 -2.6289E+02  2.9500E+02  3.0000E+02
         250  2.7589069E-01  5.1194E+01 -2.5597E+02  2.9500E+02  3.0000E+02
         300  2.9560674E-01  4.9997E+01 -2.4998E+02  2.9500E+02  3.0000E+02
         350  3.1618818E-01  4.8941E+01 -2.4471E+02  2.9500E+02  3.0000E+02
         400  3.3764594E-01  4.7998E+01 -2.3999E+02  2.9500E+02  3.0000E+02
         450  3.6004238E-01  4.7143E+01 -2.3572E+02  2.9500E+02  3.0000E+02
         500  3.8341084E-01  4.6363E+01 -2.3182E+02  2.9500E+02  3.0000E+02
         550  4.0778454E-01  4.5646E+01 -2.2823E+02  2.9500E+02  3.0000E+02
         600  4.3320038E-01  4.4977E+01 -2.2488E+02  2.9500E+02  3.0000E+02
         650  4.5969716E-01  4.4344E+01 -2.2172E+02  2.9500E+02  3.0000E+02
         700  4.8731546E-01  4.3744E+01 -2.1872E+02  2.9500E+02  3.0000E+02
         750  5.1609710E-01  4.3174E+01 -2.1587E+02  2.9500E+02  3.0000E+02
         800  5.4608473E-01  4.2631E+01 -2.1315E+02  2.9500E+02  3.0000E+02
         850  5.7732161E-01  4.2111E+01 -2.1056E+02  2.9500E+02  3.0000E+02
         900  6.0985155E-01  4.1613E+01 -2.0806E+02  2.9500E+02  3.0000E+02
         950  6.4371886E-01  4.1134E+01 -2.0567E+02  2.9500E+02  3.0000E+02
        1000  6.7896839E-01  4.0673E+01 -2.0337E+02  2.9500E+02  3.0000E+02
        1050  7.1564557E-01  4.0229E+01 -2.0114E+02  2.9500E+02  3.0000E+02
        1100  7.5379638E-01  3.9799E+01 -1.9899E+02  2.9500E+02  3.0000E+02
        1150  7.9346746E-01  3.9382E+01 -1.9691E+02  2.9500E+02  3.0000E+02
        1200  8.3470605E-01  3.8978E+01 -1.9489E+02  2.9500E+02  3.0000E+02
        1250  8.7756008E-01  3.8586E+01 -1.9293E+02  2.9500E+02  3.0000E+02
        1300  9.2207813E-01  3.8205E+01 -1.9102E+02  2.9500E+02  3.0000E+02
        1350  9.6830949E-01  3.7834E+01 -1.8917E+02  2.9500E+02  3.0000E+02
        1400  1.0163042E+00  3.7472E+01 -1.8736E+02  2.9500E+02  3.0000E+02
        1450  1.0661129E+00  3.7119E+01 -1.8560E+02  2.9500E+02  3.0000E+02
        1500  1.1177871E+00  3.6775E+01 -1.8388E+02  2.9500E+02  3.0000E+02
        1550  1.1713794E+00  3.6439E+01 -1.8220E+02  2.9500E+02  3.0000E+02
        1600  1.2269432E+00  3.6112E+01 -1.8056E+02  2.9500E+02  3.0000E+02
        1650  1.2845326E+00  3.5790E+01 -1.7895E+02  2.9500E+02  3.0000E+02
        1700  1.3442024E+00  3.5475E+01 -1.7737E+02  2.9500E+02  3.0000E+02
        1750  1.4060145E+00  3.5166E+01 -1.7583E+02  2.9500E+02  3.0000E+02
        1800  1.4700343E+00  3.4863E+01 -1.7431E+02  2.9500E+02  3.0000E+02
        1850  1.5363210E+00  3.4566E+01 -1.7283E+02  2.9500E+02  3.0000E+02
        1900  1.6049347E+00  3.4275E+01 -1.7138E+02  2.9500E+02  3.0000E+02
        1950  1.6759367E+00  3.3991E+01 -1.6995E+02  2.9500E+02  3.0000E+02
        2000  1.7493892E+00  3.3712E+01 -1.6856E+02  2.9500E+02  3.0000E+02
        2050  1.8253555E+00  3.3438E+01 -1.6719E+02  2.9500E+02  3.0000E+02
        2100  1.9038999E+00  3.3170E+01 -1.6585E+02  2.9500E+02  3.0000E+02
        2150  1.9850878E+00  3.2906E+01 -1.6453E+02  2.9500E+02  3.0000E+02
        2200  2.0689856E+00  3.2648E+01 -1.6324E+02  2.9500E+02  3.0000E+02
        2250  2.1556610E+00  3.2394E+01 -1.6197E+02  2.9500E+02  3.0000E+02
        2300  2.2451827E+00  3.2145E+01 -1.6072E+02  2.9500E+02  3.0000E+02
        2350  2.3376204E+00  3.1900E+01 -1.5950E+02  2.9500E+02  3.0000E+02
        2400  2.4330452E+00  3.1660E+01 -1.5830E+02  2.9500E+02  3.0000E+02
        2450  2.5315292E+00  3.1423E+01 -1.5712E+02  2.9500E+02  3.0000E+02
        2500  2.6331458E+00  3.1191E+01 -1.5596E+02  2.9500E+02  3.0000E+02
        2550  2.7379696E+00  3.0963E+01 -1.5482E+02  2.9500E+02  3.0000E+02
        2600  2.8460763E+00  3.0739E+01 -1.5369E+02  2.9500E+02  3.0000E+02
        2650  2.9575429E+00  3.0518E+01 -1.5259E+02  2.9500E+02  3.0000E+02
        2669  3.0000000E+00  3.0438E+01 -1.5219E+02  2.9500E+02  3.0000E+02
